292
-1
-1
-1
-1
-1
-1
-1
-1
-1
-1
-1
-1
-1
-1
-1
-1
-1
-1
-1
-1
-1
-1
-1
-1
-1
-1
-1
-1
-1
-1
-1
-1
-1
-1
-1
-1
-1
-1
-1
-1
-1
-1
-1
-1
-1
-1
-1
-1
-1
-1
-1
-1
-1
-1
-1
-1
-1
-1
-1
-1
-1
-1
-1
-1
-1
-1
-1
-1
-1
-1
-1
-1
-1
-1
-1
-1
-1
-1
-1
-1
-1
-1
-1
-1
-1
-1
-1
-1
-1
-1
-1
-1
-1
-1
-1
-1
-1
-1
-1
-1
-1
-1
-1
-1
-1
-1
-1
-1
72
72
74
74
72
75
74
77
75
78
77
80
78
81
80
83
72
84
84
74
86
86
84
87
86
99
90
101
102
93
104
96
96
98
98
96
99
98
102
98
86
74
101
89
77
104
92
80
107
95
83
72
84
96
75
78
81
83
80
77
74
81
78
75
72
83
81
107
72
72
75
84
75
84
84
84
75
75
74
74
77
86
77
86
86
86
77
77
78
87
78
87
87
87
78
78
80
89
80
89
89
89
80
80
81
90
81
90
90
90
81
81
83
92
83
92
92
92
83
83
93
93
93
93
95
95
95
95
96
87
96
96
96
87
87
98
89
98
98
98
89
89
90
99
99
99
90
90
92
101
101
101
92
92
93
102
102
102
93
93
95
104
104
104
95
95
107
107
107
99
99
99
101
101
101
102
102
102
104
104
104
107
107
107
