8
0. 0. -1.
-1. 0. 0.
-0.7071067811865  0.7071067811865  0.
1. 0. 0.
0.7071067811865  -0.7071067811865  0.
0. 0. 1.//cubo: X = (y,x+y,(z+1)/2)

6
-1. 0. 0.
0. 0. -1.
0. 0.9486832980505  0.3162277660168
0.  -1. 0.
1. 0. 0.//prisma X  = (z+1,x+1,3y)


5
  0.                   0.              -1.
 -0.7071067811865      0.           0.7071067811865
  0.             0.4472135955       0.8944271909999
  0.7071067811865      0.           0.7071067811865
  0.            -0.4472135955       0.8944271909999
//piramide: X  = (y+1,2x,z+1)
//o primeiro numero é o tipo de elemento


7
 0. -1.  0.
-1.  0.  0.
0.5773502691896  0.5773502691896  0.5773502691896
0.   0. -1.
//tetraedro deformado: X = (y,z,x)
//7 : tetraedro
//faces : F0, F1, F2, F3


6
0. 0. -1.
0. -1. 0.
0.7071067811865  0.7071067811865  0.
-1. 0. 0.
0. 0. 1.
//prisma mestre



3
0. -1. 0.
.7071067811865  .7071067811865  0.
-1. 0. 0.
0. 0. 1.
//teste com eixos locais predefinidos



4
 0. -1. 0.
 1.  0. 0.
 0.  1. 0.
-1.  0. 0.
 0.  0. 1.
//teste 1 quadrilatero


3
0. -1. 0.
 .8660254037844  .5  0.
-.8660254037844  .5  0.
0. 0. 1.
//teste 3 do triangulo


 4
 1.  0. 0.
 0.  1. 0.
-1.  0. 0.
 0. -1. 0.
 0.  0. 1.
//a ordem é a local do elemento
//neste ex. o lado 4 (aresta) é paralelo ao eixo Y


4
.7071067811865   0.  -.7071067811865
0. 1. 0.
-.7071067811865  0.  .7071067811865
0. -1. 0.
.7071067811865   0.  .7071067811865
 1.5 0. 0.//com este se obteve a solucao




 1. 0. 0.
0. 1. 0.
-1. 0. 0.
0. -1. 0.
0. 0. 1.



 1. 2. 3.
3. 2. 5.
6. 5. 1.
2. 6. 7.

























//as CC são aquelas do elemento deformado
3
0. -1.  0.
.8660254037844  .5  0.
-.8660254037844 .5  0.
0. 0. 1.


3
0. -1. 0.
.7071067811865 .7071067811865 0.
-1. 0. 0.
0. 0. 1.
//triangulo mestre


2
-1. 0. 0.
 1. 0. 0.
 0. 1. 0.
//resolucao local : todas



  2
-.7071067811865 -.7071067811865 0.
 .7071067811865 .7071067811865 0.
-.7071067811865 .7071067811865 0.


























2
  -.3535533905933 -.3535533905933 0.
   .3535533905933  .3535533905933 0.
  -.3535533905933  .3535533905933 0.





















3
 .4082482904639  .4082482904639 -.8164965809277
-.8164965809277  .4082482904639  .4082482904639
 .4082482904639 -.8164965809277  .4082482904639
 .5773502691896  .5773502691896  .5773502691896
//teste 2 do triangulo em R3 : nao deu






7
0. 0. -1.
0. -1. 0.
0.5773502691896  0.5773502691896  0.5773502691896
-1. 0. 0.
//tetraedro mestre







3
 .7071067811865  -.7071067811865  0.
 .3162277660168   .9486832980505  0.
-.7071067811865  -.7071067811865  0.
0. 0. 1.
//teste 1 do triangulo

4
 .7071067811865  -.7071067811865  0.
 .7071067811865   .7071067811865  0.
-.7071067811865   .7071067811865  0.
-.7071067811865  -.7071067811865  0.
0. 0. 1.
//teste 1 do quadrilatero







8
 0.  0. -1.
 0. -1.  0.
 1.  0.  0.
 0.  1.  0.
-1.  0.  0.
 0.  0.  1.
//cubo : 8








 0.                   0.0                 -1.0
 0.                  -0.7071067811865      0.7071067811865
 0.7071067811865      0.0                  0.7071067811865
 0.                   0.7071067811865      0.7071067811865
-0.7071067811865      0.0                  0.7071067811865
//piramide mestre


3
0. -1.  0.
0.7071067811865  0.7071067811865   0.
-1. 0.  0.
0. 0. 1.
//triângulo o último é da face

4
0. 1.  0.
0. 0. -1.
0.5773502691896  -0.5773502691896  0.5773502691896
-1. 0. 0.
//teste com inverse (x,z,-y) teste 2





























