0	-0.0041978	-11.0552	-93.098602
0.003899999	-0.004188661	-13.278252	-89.891464
0.007799998	-0.004179522	-15.501304	-86.684334
0.011699997	-0.004170383	-17.724356	-83.477196
0.015599996	-0.004161244	-19.947407	-80.270065
0.019499995	-0.004161305	-21.836647	-77.787659
0.023400001	-0.004173002	-23.30368	-76.221909
0.027299993	-0.004184699	-24.770708	-74.656166
0.031199999	-0.004196396	-26.237741	-73.090416
0.035100006	-0.004208093	-27.704775	-71.524666
0.038999997	-0.00423289	-29.260126	-70.718658
0.042900003	-0.004259423	-30.239006	-69.757767
0.046799995	-0.004285955	-31.217882	-68.796883
0.050700001	-0.004312487	-32.196762	-67.835991
0.054599993	-0.004339019	-33.17564	-66.875107
0.058499999	-0.004367552	-34.092384	-65.970581
0.062400006	-0.00440489	-34.735634	-65.314171
0.066299997	-0.004442228	-35.378883	-64.657761
0.070200004	-0.004479566	-36.022133	-64.001343
0.074099995	-0.004516904	-36.665379	-63.344933
0.078000002	-0.004554242	-37.308628	-62.688519
0.081899993	-0.004595423	-37.952919	-62.163883
0.0858	-0.004640648	-38.377655	-61.728687
0.089700006	-0.004685873	-38.802391	-61.293495
0.093599997	-0.004731099	-39.227123	-60.858299
0.097500004	-0.004776324	-39.651859	-60.423103
0.1014	-0.004821549	-40.076591	-59.987911
0.1053	-0.004866775	-40.501328	-59.552715
0.10919999	-0.004914158	-40.874004	-59.170467
0.1131	-0.004965303	-41.155968	-58.880489
0.11699999	-0.005016447	-41.437931	-58.590511
0.1209	-0.005067592	-41.719894	-58.300529
0.1248	-0.005118736	-42.001858	-58.010548
0.12869999	-0.005169881	-42.283821	-57.72057
0.13260001	-0.005221025	-42.565784	-57.430592
0.1365	-0.005273235	-42.900074	-57.183361
0.14039999	-0.005328779	-43.091236	-56.988209
0.14429998	-0.005384323	-43.282402	-56.79306
0.14820001	-0.005439868	-43.473568	-56.597908
0.1521	-0.005495412	-43.66473	-56.402756
0.15600002	-0.005550957	-43.855896	-56.207603
0.15990001	-0.005606501	-44.047058	-56.012451
0.1638	-0.005662045	-44.238224	-55.817303
0.16769999	-0.00571759	-44.429386	-55.62215
0.17160001	-0.005774271	-44.599628	-55.448189
0.17550001	-0.00583317	-44.729023	-55.315605
0.1794	-0.00589207	-44.858418	-55.183025
0.18330002	-0.00595097	-44.987812	-55.050438
0.18720001	-0.00600987	-45.117203	-54.917858
0.1911	-0.00606877	-45.246597	-54.785275
0.19499999	-0.00612767	-45.375992	-54.652691
0.19890001	-0.00618657	-45.505386	-54.520107
0.20280001	-0.00624547	-45.634777	-54.387524
0.2067	-0.006305474	-45.784565	-54.283287
0.21060002	-0.006366909	-45.873325	-54.19281
0.21450001	-0.006428344	-45.962086	-54.102333
0.2184	-0.006489779	-46.050846	-54.01186
0.22229999	-0.006551214	-46.139603	-53.921383
0.22620001	-0.00661265	-46.228363	-53.830906
0.23010001	-0.006674084	-46.317123	-53.740433
0.234	-0.00673552	-46.405884	-53.649956
0.23790002	-0.006796955	-46.49464	-53.559479
0.24180001	-0.00685839	-46.583401	-53.469006
0.2457	-0.006919825	-46.672161	-53.378529
0.24959999	-0.006981859	-46.752338	-53.29673
0.25350001	-0.007045249	-46.813118	-53.234539
0.25740001	-0.007108639	-46.873894	-53.172352
0.2613	-0.007172028	-46.934673	-53.110161
0.26520002	-0.007235418	-46.995453	-53.047974
0.26910001	-0.007298807	-47.056229	-52.985783
0.273	-0.007362197	-47.117008	-52.923595
0.27689999	-0.007425586	-47.177788	-52.861404
0.28080001	-0.007488976	-47.238564	-52.799217
0.28470001	-0.007552365	-47.299343	-52.737026
0.2886	-0.007615754	-47.360119	-52.674839
0.29250002	-0.00767941	-47.438786	-52.621582
0.29640001	-0.007744294	-47.480892	-52.578701
0.3003	-0.007809178	-47.523003	-52.535824
0.30419999	-0.007874061	-47.565113	-52.492943
0.30810001	-0.007938946	-47.607224	-52.450066
0.31200001	-0.00800383	-47.649334	-52.407185
0.3159	-0.008068713	-47.691441	-52.364307
0.31980002	-0.008133598	-47.733551	-52.321426
0.32370001	-0.008198482	-47.775661	-52.278549
0.3276	-0.008263365	-47.817772	-52.235672
0.33149999	-0.00832825	-47.859882	-52.192791
0.33540002	-0.008393134	-47.901989	-52.149914
0.33930001	-0.008458017	-47.944099	-52.107033
0.3432	-0.008522902	-47.98621	-52.064156
0.34710002	-0.008588096	-48.024853	-52.024776
0.35100001	-0.008654143	-48.053951	-51.995029
0.3549	-0.008720189	-48.08305	-51.965282
0.35879999	-0.008786237	-48.112148	-51.935539
0.36270002	-0.008852284	-48.141247	-51.905792
0.36660001	-0.008918331	-48.170345	-51.876045
0.3705	-0.008984378	-48.199448	-51.846302
0.37440002	-0.009050425	-48.228546	-51.816555
0.37830001	-0.009116473	-48.257645	-51.786812
0.3822	-0.009182519	-48.286743	-51.757065
0.38609999	-0.009248566	-48.315842	-51.727318
0.39000002	-0.009314613	-48.34494	-51.697575
0.39390001	-0.009380661	-48.374039	-51.667828
0.3978	-0.009446708	-48.403137	-51.638084
0.40169999	-0.009513074	-48.441311	-51.614758
0.40559998	-0.009580018	-48.461617	-51.594086
0.40950003	-0.009646963	-48.481926	-51.57341
0.41340002	-0.009713908	-48.502232	-51.552738
0.41730002	-0.009780853	-48.522537	-51.532063
0.42120001	-0.009847798	-48.542843	-51.511387
0.4251	-0.009914742	-48.563148	-51.490715
0.42899999	-0.009981686	-48.583454	-51.470039
0.43289998	-0.010048632	-48.60376	-51.449368
0.43680003	-0.010115577	-48.624065	-51.428692
0.44070002	-0.010182521	-48.644371	-51.408016
0.44460002	-0.010249466	-48.664677	-51.387344
0.44850001	-0.010316411	-48.684982	-51.366669
0.4524	-0.010383355	-48.705288	-51.345997
0.45629999	-0.0104503	-48.725597	-51.325321
0.46019998	-0.010517244	-48.745903	-51.304649
0.46410003	-0.01058419	-48.766209	-51.283974
0.46800002	-0.010651135	-48.786514	-51.263298
0.47190002	-0.010718763	-48.800858	-51.248653
0.47580001	-0.010786414	-48.814995	-51.234219
0.4797	-0.010854066	-48.829128	-51.219784
0.48359999	-0.010921719	-48.843266	-51.205353
0.48749998	-0.01098937	-48.857399	-51.190918
0.49140003	-0.011057023	-48.871536	-51.176483
0.49530002	-0.011124675	-48.88567	-51.162048
0.49920002	-0.011192326	-48.899807	-51.147614
0.50309998	-0.011259979	-48.91394	-51.133179
0.50699997	-0.011327631	-48.928078	-51.118744
0.51089996	-0.011395282	-48.942211	-51.104309
0.51479995	-0.011462934	-48.956348	-51.089874
0.5187	-0.011530587	-48.970482	-51.075439
0.5226	-0.01159824	-48.984619	-51.061008
0.52649999	-0.011665891	-48.998753	-51.046574
0.53039998	-0.011733543	-49.01289	-51.032139
0.53429997	-0.011801195	-49.027023	-51.017704
0.53819996	-0.01186916	-49.045925	-51.007675
0.54209995	-0.011937354	-49.055851	-50.997581
0.546	-0.012005549	-49.065773	-50.987488
0.5499	-0.012073743	-49.075699	-50.977394
0.55379999	-0.012141937	-49.085621	-50.9673
0.55769998	-0.012210132	-49.095543	-50.957207
0.56159997	-0.012278326	-49.105469	-50.947113
0.56549996	-0.01234652	-49.115391	-50.937019
0.56939995	-0.012414714	-49.125317	-50.926926
0.5733	-0.012482909	-49.135239	-50.916832
0.5772	-0.012551104	-49.145161	-50.906738
0.58109999	-0.012619298	-49.155087	-50.896645
0.58499998	-0.012687492	-49.165009	-50.886551
0.58889997	-0.012755686	-49.174934	-50.876457
0.59279996	-0.012823881	-49.184856	-50.866364
0.59669995	-0.012892075	-49.194778	-50.85627
0.6006	-0.01296027	-49.204704	-50.846176
0.6045	-0.013028464	-49.214626	-50.836082
0.60839999	-0.013096659	-49.224552	-50.825989
0.61229998	-0.013164853	-49.234474	-50.815895
0.61619997	-0.013233047	-49.244396	-50.805801
0.62009996	-0.013301241	-49.254322	-50.795708
0.62399995	-0.013369795	-49.261738	-50.788139
0.6279	-0.013438419	-49.268681	-50.781052
0.6318	-0.01350704	-49.275623	-50.77396
0.63569999	-0.013575663	-49.282566	-50.766872
0.63959998	-0.013644285	-49.289505	-50.759781
0.64349997	-0.013712906	-49.296448	-50.752693
0.64739996	-0.013781529	-49.303391	-50.745602
0.65129995	-0.013850151	-49.310333	-50.738514
0.6552	-0.013918773	-49.317276	-50.731422
0.6591	-0.013987396	-49.324219	-50.724335
0.66299999	-0.014056018	-49.331161	-50.717243
0.66689998	-0.014124639	-49.3381	-50.710155
0.67079997	-0.014193262	-49.345043	-50.703068
0.67469996	-0.014261884	-49.351986	-50.695976
0.67859995	-0.014330506	-49.358929	-50.688889
0.6825	-0.014399129	-49.365871	-50.681797
0.6864	-0.014467751	-49.372814	-50.674709
0.69029999	-0.014536373	-49.379757	-50.667618
0.69419998	-0.014604995	-49.386696	-50.66053
0.69809997	-0.014673617	-49.393639	-50.653439
0.70199996	-0.014742239	-49.400581	-50.646351
0.70589995	-0.014810896	-49.41161	-50.640583
0.7098	-0.014879859	-49.416504	-50.635605
0.7137	-0.01494882	-49.421398	-50.63063
0.71759999	-0.015017781	-49.426296	-50.625656
0.72149998	-0.015086743	-49.43119	-50.620678
0.72539997	-0.015155704	-49.436085	-50.615704
0.72929996	-0.015224665	-49.440979	-50.610725
0.73319995	-0.015293627	-49.445877	-50.605751
0.73710001	-0.015362589	-49.450771	-50.600773
0.741	-0.01543155	-49.455666	-50.595798
0.74489999	-0.015500511	-49.46056	-50.59082
0.74879998	-0.015569473	-49.465458	-50.585846
0.75269997	-0.015638433	-49.470352	-50.580872
0.75659996	-0.015707396	-49.475246	-50.575893
0.76049995	-0.015776357	-49.480141	-50.570919
0.76440001	-0.015845319	-49.485039	-50.565941
0.7683	-0.01591428	-49.489933	-50.560966
0.77219999	-0.015983241	-49.494827	-50.555988
0.77609998	-0.016052203	-49.499722	-50.551014
0.77999997	-0.016121164	-49.50462	-50.546036
0.78389996	-0.016190125	-49.509514	-50.541061
0.78779995	-0.016259087	-49.514408	-50.536087
0.79170001	-0.01632805	-49.519302	-50.531109
0.7956	-0.016397011	-49.524197	-50.526134
0.79949999	-0.016465971	-49.529095	-50.521156
0.80339998	-0.016534932	-49.533989	-50.516182
0.80729997	-0.016603895	-49.538883	-50.511204
0.81119996	-0.016672855	-49.543777	-50.506229
0.81509995	-0.016742067	-49.547318	-50.502621
0.81900001	-0.0168113	-49.550758	-50.499111
0.8229	-0.016880531	-49.554199	-50.495598
0.82679999	-0.016949762	-49.55764	-50.492088
0.83069998	-0.017018992	-49.561081	-50.488575
0.83459997	-0.017088221	-49.564522	-50.485065
0.83849996	-0.017157452	-49.567963	-50.481552
0.84239995	-0.017226683	-49.571404	-50.478043
0.84630001	-0.017295916	-49.574844	-50.474529
0.8502	-0.017365146	-49.578289	-50.47102
0.85409999	-0.017434375	-49.58173	-50.46751
0.85799998	-0.017503606	-49.585171	-50.463997
0.86189997	-0.017572837	-49.588612	-50.460487
0.86579996	-0.017642068	-49.592052	-50.456974
0.86969995	-0.017711299	-49.595493	-50.453465
0.87359995	-0.017780529	-49.598934	-50.449951
0.8775	-0.01784976	-49.602375	-50.446442
0.88139999	-0.017918991	-49.605816	-50.442928
0.88529998	-0.017988222	-49.609257	-50.439419
0.88919997	-0.018057453	-49.612701	-50.435905
0.89309996	-0.018126683	-49.616142	-50.432396
0.89699996	-0.018195914	-49.619583	-50.428883
0.90090001	-0.018265145	-49.623024	-50.425373
0.90479994	-0.018334374	-49.626465	-50.421864
0.90869999	-0.018403606	-49.629906	-50.41835
0.91259992	-0.018472835	-49.633347	-50.414841
0.91649997	-0.018542068	-49.636787	-50.411327
0.92040002	-0.018611453	-49.642063	-50.409309
0.92429996	-0.018680884	-49.644497	-50.406834
0.92820001	-0.018750317	-49.646931	-50.404358
0.93209994	-0.018819747	-49.649368	-50.401882
0.93599999	-0.018889181	-49.651802	-50.399406
0.93989992	-0.018958611	-49.654236	-50.396927
0.94379997	-0.019028045	-49.65667	-50.394451
0.94770002	-0.019097477	-49.659107	-50.391975
0.95159996	-0.019166909	-49.661541	-50.3895
0.95550001	-0.019236341	-49.663975	-50.387024
0.95939994	-0.019305773	-49.666412	-50.384548
0.96329999	-0.019375205	-49.668846	-50.382072
0.96719992	-0.019444637	-49.67128	-50.379597
0.97109997	-0.019514069	-49.673717	-50.377117
0.97500002	-0.019583503	-49.676151	-50.374641
0.97889996	-0.019652933	-49.678585	-50.372166
0.98280001	-0.019722367	-49.681019	-50.36969
0.98669994	-0.019791797	-49.683456	-50.367214
0.99059999	-0.019861231	-49.68589	-50.364738
0.99449992	-0.019930661	-49.688324	-50.362263
0.99839997	-0.020000095	-49.690762	-50.359783
1.0023	-0.020069528	-49.693195	-50.357307
1.0062	-0.020138958	-49.695629	-50.354832
1.0101	-0.020208392	-49.698063	-50.352356
1.0139999	-0.020277822	-49.7005	-50.34988
1.0179	-0.020347256	-49.702934	-50.347404
1.0217999	-0.020416686	-49.705368	-50.344929
1.0257	-0.02048612	-49.707806	-50.342453
1.0296	-0.020555552	-49.710239	-50.339973
1.0335	-0.020624984	-49.712673	-50.337498
1.0374	-0.020694416	-49.715107	-50.335022
1.0412999	-0.020763848	-49.717545	-50.332546
1.0452	-0.02083328	-49.719978	-50.33007
1.0490999	-0.020902712	-49.722412	-50.327595
1.053	-0.020972284	-49.72427	-50.325699
1.0569	-0.021041889	-49.725986	-50.323952
1.0608	-0.021111494	-49.727699	-50.322201
1.0647	-0.021181099	-49.729412	-50.320454
1.0685999	-0.021250702	-49.731125	-50.318703
1.0725	-0.021320309	-49.732841	-50.316956
1.0763999	-0.021389913	-49.734554	-50.315205
1.0803	-0.02145952	-49.736267	-50.313457
1.0842	-0.021529125	-49.73798	-50.311707
1.0881	-0.02159873	-49.739697	-50.309959
1.092	-0.021668335	-49.741409	-50.308208
1.0958999	-0.021737939	-49.743122	-50.306461
1.0998	-0.021807546	-49.744835	-50.30471
1.1036999	-0.021877149	-49.746552	-50.302963
1.1076	-0.021946756	-49.748264	-50.301212
1.1115	-0.022016361	-49.749977	-50.299465
1.1154	-0.022085967	-49.75169	-50.297714
1.1193	-0.022155572	-49.753407	-50.295967
1.1231999	-0.022225177	-49.755119	-50.294216
1.1271	-0.022294782	-49.756832	-50.292469
1.1309999	-0.022364385	-49.758545	-50.290718
1.1349	-0.022433992	-49.760262	-50.288971
1.1388	-0.022503598	-49.761974	-50.28722
1.1427	-0.022573203	-49.763687	-50.285473
1.1466	-0.022642808	-49.7654	-50.283722
1.1504999	-0.022712413	-49.767113	-50.281975
1.1544	-0.022782018	-49.768829	-50.280224
1.1582999	-0.022851624	-49.770542	-50.278477
1.1622	-0.022921229	-49.772255	-50.27673
1.1661	-0.022990836	-49.773968	-50.274979
1.17	-0.023060439	-49.775684	-50.273232
1.1739	-0.023130044	-49.777397	-50.271481
1.1777999	-0.02319965	-49.77911	-50.269733
1.1817	-0.023269255	-49.780823	-50.267982
1.1855999	-0.023338964	-49.783722	-50.267063
1.1895	-0.023408694	-49.784939	-50.265827
1.1934	-0.023478426	-49.786156	-50.264591
1.1973	-0.023548154	-49.787373	-50.263355
1.2012	-0.023617884	-49.788593	-50.262115
1.2050999	-0.023687612	-49.78981	-50.26088
1.209	-0.023757344	-49.791027	-50.259644
1.2128999	-0.023827072	-49.792244	-50.258408
1.2168	-0.023896804	-49.793465	-50.257172
1.2207	-0.023966534	-49.794682	-50.255932
1.2246	-0.024036262	-49.795898	-50.254696
1.2285	-0.024105994	-49.797115	-50.25346
1.2323999	-0.024175722	-49.798336	-50.252224
1.2363	-0.024245452	-49.799553	-50.250988
1.2401999	-0.024315182	-49.80077	-50.249752
1.2441	-0.024384912	-49.801987	-50.248512
1.248	-0.024454642	-49.803207	-50.247276
1.2519	-0.024524372	-49.804424	-50.24604
1.2558	-0.024594102	-49.805641	-50.244804
1.2596999	-0.02466383	-49.806858	-50.243568
1.2636	-0.024733562	-49.808075	-50.242329
1.2674999	-0.02480329	-49.809296	-50.241093
1.2714	-0.02487302	-49.810513	-50.239857
1.2753	-0.024942752	-49.811729	-50.238621
1.2792	-0.02501248	-49.812946	-50.237385
1.2831	-0.025082212	-49.814167	-50.236145
1.2869999	-0.02515194	-49.815384	-50.234909
1.2909	-0.02522167	-49.816601	-50.233673
1.2947999	-0.025291398	-49.817818	-50.232437
1.2987	-0.02536113	-49.819038	-50.231201
1.3026	-0.02543086	-49.820255	-50.229965
1.3065	-0.02550059	-49.821472	-50.228725
1.3104	-0.02557032	-49.822689	-50.227489
1.3142999	-0.025640048	-49.82391	-50.226254
1.3182	-0.02570978	-49.825127	-50.225018
1.3220999	-0.025779508	-49.826344	-50.223782
1.326	-0.025849238	-49.82756	-50.222542
1.3299	-0.02591897	-49.828781	-50.221306
1.3338	-0.025988698	-49.829998	-50.22007
1.3377	-0.026058428	-49.831215	-50.218834
1.3415999	-0.026128158	-49.832432	-50.217598
1.3455	-0.026197888	-49.833652	-50.216362
1.3493999	-0.026267657	-49.834732	-50.21526
1.3533	-0.026337495	-49.835594	-50.214382
1.3572	-0.026407331	-49.836456	-50.213505
1.3611	-0.026477166	-49.837318	-50.212624
1.365	-0.026547004	-49.838181	-50.211746
1.3688999	-0.026616838	-49.839043	-50.210869
1.3728	-0.026686674	-49.839905	-50.209988
1.3766999	-0.026756508	-49.840767	-50.20911
1.3806	-0.026826346	-49.841629	-50.208233
1.3845	-0.026896182	-49.842491	-50.207355
1.3884	-0.026966017	-49.843353	-50.206474
1.3923	-0.027035855	-49.844215	-50.205597
1.3961999	-0.027105689	-49.845078	-50.20472
1.4001	-0.027175525	-49.84594	-50.203838
1.4039999	-0.027245359	-49.846802	-50.202961
1.4079	-0.027315198	-49.847664	-50.202084
1.4118	-0.027385034	-49.848526	-50.201202
1.4157	-0.027454868	-49.849388	-50.200325
1.4196	-0.027524706	-49.85025	-50.199448
1.4234999	-0.02759454	-49.851112	-50.198566
1.4274	-0.027664376	-49.851974	-50.197689
1.4312999	-0.027734211	-49.852837	-50.196812
1.4352	-0.027804049	-49.853699	-50.19593
1.4391	-0.027873885	-49.854561	-50.195053
1.443	-0.027943719	-49.855423	-50.194176
1.4469	-0.028013557	-49.856285	-50.193295
1.4507999	-0.028083391	-49.857147	-50.192417
1.4547	-0.028153228	-49.858009	-50.19154
1.4585999	-0.028223062	-49.858871	-50.190659
1.4625	-0.0282929	-49.859734	-50.189781
1.4664	-0.028362736	-49.860596	-50.188904
1.4703	-0.02843257	-49.861458	-50.188023
1.4742	-0.028502408	-49.862316	-50.187145
1.4780999	-0.028572243	-49.863178	-50.186268
1.482	-0.028642079	-49.86404	-50.18539
1.4858999	-0.028711913	-49.864902	-50.184509
1.4898	-0.028781751	-49.865765	-50.183632
1.4937	-0.028851587	-49.866627	-50.182755
1.4976	-0.028921422	-49.867489	-50.181873
1.5015	-0.02899126	-49.868351	-50.180996
1.5053999	-0.029061094	-49.869213	-50.180119
1.5093	-0.02913093	-49.870075	-50.179237
1.5131999	-0.029200764	-49.870937	-50.17836
1.5171	-0.029270677	-49.87257	-50.17802
1.521	-0.029340597	-49.873184	-50.177399
1.5249	-0.029410513	-49.873795	-50.176777
1.5288	-0.029480431	-49.874409	-50.176155
1.5326999	-0.029550347	-49.875023	-50.175533
1.5366	-0.029620267	-49.875633	-50.174911
1.5404999	-0.029690184	-49.876247	-50.17429
1.5444	-0.029760102	-49.876858	-50.173668
1.5483	-0.02983002	-49.877472	-50.173046
1.5522	-0.029899936	-49.878082	-50.172424
1.5561	-0.029969856	-49.878696	-50.171803
1.5599999	-0.030039772	-49.879307	-50.171181
1.5639	-0.030109691	-49.879921	-50.170559
1.5677999	-0.030179607	-49.880531	-50.169937
1.5717	-0.030249527	-49.881145	-50.169315
1.5756	-0.030319445	-49.881756	-50.168694
1.5795	-0.030389361	-49.88237	-50.168072
1.5834	-0.030459279	-49.88298	-50.16745
1.5872999	-0.030529195	-49.883595	-50.166828
1.5912	-0.030599115	-49.884209	-50.166206
1.5950999	-0.030669032	-49.884819	-50.165585
1.599	-0.03073895	-49.885433	-50.164963
1.6029	-0.030808868	-49.886044	-50.164341
1.6068	-0.030878784	-49.886658	-50.163719
1.6107	-0.030948704	-49.887268	-50.163097
1.6145999	-0.03101862	-49.887882	-50.162476
1.6185	-0.031088538	-49.888493	-50.161854
1.6223999	-0.031158455	-49.889107	-50.161232
1.6263	-0.031228375	-49.889717	-50.16061
1.6302	-0.031298291	-49.890331	-50.159988
1.6341	-0.031368207	-49.890942	-50.159367
1.638	-0.031438127	-49.891556	-50.158745
1.6418999	-0.031508043	-49.89217	-50.158123
1.6458	-0.031577963	-49.89278	-50.157501
1.6496999	-0.03164788	-49.893394	-50.156879
1.6536	-0.0317178	-49.894005	-50.156258
1.6575	-0.031787716	-49.894619	-50.155632
1.6614	-0.031857632	-49.895229	-50.15501
1.6653	-0.031927552	-49.895844	-50.154388
1.6691999	-0.031997468	-49.896454	-50.153767
1.6731	-0.032067388	-49.897068	-50.153145
1.6769999	-0.032137305	-49.897678	-50.152523
1.6809	-0.032207221	-49.898293	-50.151901
1.6848	-0.032277141	-49.898903	-50.151279
1.6887	-0.032347057	-49.899517	-50.150658
1.6926	-0.032416977	-49.900127	-50.150036
1.6964999	-0.032486893	-49.900742	-50.149414
1.7004	-0.032556809	-49.901356	-50.148792
1.7042999	-0.032626726	-49.901966	-50.14817
1.7082	-0.032696646	-49.90258	-50.147549
1.7121	-0.032766566	-49.903191	-50.146927
1.716	-0.032836482	-49.903805	-50.146305
1.7199	-0.032906398	-49.904415	-50.145683
1.7237999	-0.03297637	-49.904873	-50.145218
1.7277	-0.033046346	-49.905308	-50.144775
1.7315999	-0.033116326	-49.905739	-50.144333
1.7355	-0.033186305	-49.906174	-50.143887
1.7394	-0.033256285	-49.906609	-50.143444
1.7433	-0.033326261	-49.90704	-50.143002
1.7472	-0.03339624	-49.907475	-50.142559
1.7510999	-0.033466216	-49.907909	-50.142117
1.755	-0.033536196	-49.90834	-50.141674
1.7588999	-0.033606175	-49.908775	-50.141232
1.7628	-0.033676151	-49.909206	-50.140789
1.7667	-0.033746131	-49.909641	-50.140347
1.7706	-0.03381611	-49.910076	-50.139904
1.7745	-0.03388609	-49.910507	-50.139462
1.7783999	-0.033956066	-49.910942	-50.139019
1.7823	-0.034026045	-49.911377	-50.138577
1.7861999	-0.034096021	-49.911808	-50.138134
1.7901	-0.034166001	-49.912243	-50.137688
1.794	-0.03423598	-49.912674	-50.137245
1.7979	-0.034305956	-49.913109	-50.136803
1.8018	-0.034375936	-49.913544	-50.13636
1.8056999	-0.034445915	-49.913975	-50.135918
1.8096	-0.034515895	-49.91441	-50.135475
1.8134999	-0.034585871	-49.914845	-50.135033
1.8174	-0.03465585	-49.915276	-50.13459
1.8213	-0.03472583	-49.91571	-50.134148
1.8252	-0.034795806	-49.916142	-50.133705
1.8291	-0.034865785	-49.916576	-50.133263
1.8329999	-0.034935761	-49.917011	-50.13282
1.8369	-0.035005741	-49.917442	-50.132378
1.8407999	-0.03507572	-49.917877	-50.131931
1.8447	-0.0351457	-49.918312	-50.131489
1.8486	-0.035215676	-49.918743	-50.131046
1.8525	-0.035285655	-49.919178	-50.130604
1.8564	-0.035355635	-49.919609	-50.130161
1.8602999	-0.035425611	-49.920044	-50.129719
1.8642	-0.03549559	-49.920479	-50.129276
1.8680999	-0.035565566	-49.92091	-50.128834
1.872	-0.035635546	-49.921345	-50.128391
1.8759	-0.035705525	-49.92178	-50.127949
1.8798	-0.035775505	-49.922211	-50.127506
1.8837	-0.035845481	-49.922646	-50.127064
1.8875999	-0.03591546	-49.923077	-50.126621
1.8915	-0.03598544	-49.923512	-50.126175
1.8953999	-0.036055416	-49.923946	-50.125732
1.8993	-0.036125395	-49.924377	-50.12529
1.9032	-0.036195375	-49.924812	-50.124847
1.9071001	-0.036265355	-49.925247	-50.124405
1.9109999	-0.03633533	-49.925678	-50.123962
1.9148999	-0.036405306	-49.926113	-50.12352
1.9188	-0.036475286	-49.926544	-50.123077
1.9227	-0.036545265	-49.926979	-50.122635
1.9265999	-0.036615241	-49.927414	-50.122192
1.9304999	-0.036685266	-49.928345	-50.122051
1.9344	-0.036755301	-49.928654	-50.121735
1.9383	-0.036825337	-49.928963	-50.121422
1.9422001	-0.036895372	-49.929272	-50.121109
1.9460999	-0.0369654	-49.929581	-50.120796
1.9499999	-0.037035435	-49.92989	-50.120483
1.9539	-0.037105471	-49.930199	-50.120171
1.9578	-0.037175506	-49.930511	-50.119854
1.9617001	-0.037245542	-49.93082	-50.119541
1.9655999	-0.037315574	-49.931129	-50.119228
1.9694999	-0.037385609	-49.931438	-50.118916
1.9734	-0.037455644	-49.931747	-50.118603
1.9773	-0.03752568	-49.932056	-50.118286
1.9811999	-0.037595708	-49.932365	-50.117973
1.9850999	-0.037665743	-49.932674	-50.117661
1.989	-0.037735779	-49.932983	-50.117348
1.9929	-0.037805814	-49.933292	-50.117035
1.9968001	-0.03787585	-49.933601	-50.116718
2.0007	-0.037945881	-49.93391	-50.116405
2.0046	-0.038015917	-49.934219	-50.116093
2.0085001	-0.038085952	-49.934528	-50.11578
2.0124002	-0.038155984	-49.934837	-50.115467
2.0163002	-0.03822602	-49.935146	-50.11515
2.0202	-0.038296051	-49.935455	-50.114838
2.0241001	-0.038366087	-49.935764	-50.114525
2.0280001	-0.038436122	-49.936073	-50.114212
2.0319002	-0.038506158	-49.936382	-50.113899
2.0358	-0.038576189	-49.936691	-50.113586
2.0397	-0.038646225	-49.937	-50.11327
2.0436001	-0.038716257	-49.937309	-50.112957
2.0475001	-0.038786292	-49.937618	-50.112644
2.0514002	-0.038856328	-49.937927	-50.112331
2.0553	-0.038926359	-49.938236	-50.112019
2.0592	-0.038996395	-49.938545	-50.111702
2.0631001	-0.03906643	-49.938854	-50.111389
2.0670002	-0.039136466	-49.939163	-50.111076
2.0709002	-0.039206501	-49.939472	-50.110764
2.0748	-0.039276529	-49.939781	-50.110451
2.0787001	-0.039346565	-49.94009	-50.110134
2.0826001	-0.0394166	-49.940399	-50.109821
2.0865002	-0.039486635	-49.940708	-50.109509
2.0904	-0.039556667	-49.941017	-50.109196
2.0943	-0.039626703	-49.941326	-50.108883
2.0982001	-0.039696738	-49.941635	-50.108566
2.1021001	-0.039766774	-49.941944	-50.108253
2.1060002	-0.039836809	-49.942253	-50.107941
2.1099	-0.039906837	-49.942562	-50.107628
2.1138	-0.039976873	-49.942871	-50.107315
2.1177001	-0.040046908	-49.94318	-50.107002
2.1216002	-0.040116943	-49.943489	-50.106686
2.1255002	-0.040186979	-49.943798	-50.106373
2.1294	-0.040257011	-49.944107	-50.10606
2.1333001	-0.040327046	-49.944416	-50.105747
2.1372001	-0.040397082	-49.944725	-50.105434
2.1411002	-0.040467117	-49.945034	-50.105118
2.145	-0.040537145	-49.945343	-50.104805
2.1489	-0.04060718	-49.945652	-50.104492
2.1528001	-0.040677216	-49.945961	-50.104179
2.1567001	-0.040747251	-49.94627	-50.103867
2.1606002	-0.040817287	-49.946579	-50.10355
2.1645	-0.040887319	-49.946888	-50.103237
2.1684	-0.040957354	-49.947197	-50.102924
2.1723001	-0.041027389	-49.947506	-50.102612
2.1762002	-0.041097421	-49.947815	-50.102299
2.1801002	-0.041167457	-49.948124	-50.101982
2.184	-0.041237488	-49.948433	-50.101669
2.1879001	-0.041307542	-49.9487	-50.101398
2.1918001	-0.041377619	-49.948921	-50.101173
2.1957002	-0.041447695	-49.949139	-50.100948
2.1996	-0.041517764	-49.949356	-50.100723
2.2035	-0.041587841	-49.949577	-50.100498
2.2074001	-0.041657917	-49.949795	-50.100273
2.2113001	-0.041727994	-49.950012	-50.100052
2.2152002	-0.04179807	-49.950233	-50.099827
2.2191	-0.041868139	-49.950451	-50.099602
2.223	-0.041938215	-49.950668	-50.099377
2.2269001	-0.042008292	-49.950886	-50.099152
2.2308002	-0.042078368	-49.951107	-50.098927
2.2347002	-0.042148445	-49.951324	-50.098701
2.2386	-0.042218514	-49.951542	-50.098476
2.2425001	-0.04228859	-49.951763	-50.098251
2.2464001	-0.042358667	-49.951981	-50.09803
2.2503002	-0.042428743	-49.952198	-50.097805
2.2542	-0.042498816	-49.952419	-50.09758
2.2581	-0.042568889	-49.952637	-50.097355
2.2620001	-0.042638965	-49.952854	-50.09713
2.2659001	-0.042709041	-49.953072	-50.096905
2.2698002	-0.042779118	-49.953293	-50.09668
2.2737	-0.042849187	-49.95351	-50.096455
2.2776	-0.042919263	-49.953728	-50.09623
2.2815001	-0.04298934	-49.953949	-50.096008
2.2854002	-0.043059416	-49.954166	-50.095783
2.2893002	-0.043129493	-49.954384	-50.095558
2.2932	-0.043199562	-49.954605	-50.095333
2.2971001	-0.043269638	-49.954823	-50.095108
2.3010001	-0.043339714	-49.95504	-50.094883
2.3049002	-0.043409791	-49.955257	-50.094658
2.3088	-0.043479864	-49.955479	-50.094433
2.3127	-0.043549936	-49.955696	-50.094212
2.3166001	-0.043620013	-49.955914	-50.093987
2.3205001	-0.043690089	-49.956135	-50.093761
2.3244002	-0.043760166	-49.956352	-50.093536
2.3283	-0.043830238	-49.95657	-50.093311
2.3322001	-0.043900311	-49.956791	-50.093086
2.3361001	-0.043970387	-49.957008	-50.092861
2.3400002	-0.044040464	-49.957226	-50.092636
2.3439002	-0.04411054	-49.957447	-50.092411
2.3478	-0.044180613	-49.957664	-50.09219
2.3517001	-0.044250686	-49.957882	-50.091965
2.3556001	-0.044320762	-49.958099	-50.09174
2.3595002	-0.044390839	-49.958321	-50.091515
2.3634	-0.044460911	-49.958538	-50.09129
2.3673	-0.044530988	-49.958755	-50.091064
2.3712001	-0.04460106	-49.958977	-50.090839
2.3751001	-0.044671137	-49.959194	-50.090614
2.3790002	-0.044741213	-49.959412	-50.090389
2.3829	-0.044811286	-49.959633	-50.090168
2.3868001	-0.044881362	-49.95985	-50.089943
2.3907001	-0.044951435	-49.960068	-50.089718
2.3946002	-0.045021512	-49.960285	-50.089493
2.3985002	-0.045091588	-49.960506	-50.089268
2.4024	-0.045161661	-49.960724	-50.089043
2.4063001	-0.045231733	-49.960941	-50.088818
2.4102001	-0.04530181	-49.961163	-50.088593
2.4141002	-0.045371886	-49.96138	-50.088371
2.418	-0.045441959	-49.961597	-50.088146
2.4219	-0.045512035	-49.961819	-50.087921
2.4258001	-0.045582108	-49.962036	-50.087696
2.4297001	-0.045652185	-49.962254	-50.087471
2.4336002	-0.045722261	-49.962471	-50.087246
2.4375	-0.045792334	-49.962692	-50.087021
2.4414001	-0.04586241	-49.96291	-50.086796
2.4453001	-0.04593249	-49.963421	-50.086681
2.4492002	-0.046002597	-49.963581	-50.086521
2.4531002	-0.046072703	-49.963737	-50.086365
2.457	-0.046142805	-49.963898	-50.086205
2.4609001	-0.046212915	-49.964054	-50.086048
2.4648001	-0.046283022	-49.964211	-50.085892
2.4687002	-0.046353132	-49.964371	-50.085732
2.4726	-0.046423234	-49.964527	-50.085575
2.4765	-0.04649334	-49.964687	-50.085415
2.4804001	-0.046563447	-49.964844	-50.085258
2.4843001	-0.046633556	-49.965	-50.085102
2.4882002	-0.046703663	-49.96516	-50.084942
2.4921	-0.046773765	-49.965317	-50.084785
2.4960001	-0.046843875	-49.965477	-50.084625
2.4999001	-0.046913981	-49.965633	-50.084469
2.5038002	-0.046984088	-49.965794	-50.084309
2.5077002	-0.047054198	-49.96595	-50.084152
2.5116	-0.0471243	-49.966106	-50.083996
2.5155001	-0.047194406	-49.966267	-50.083836
2.5194001	-0.047264516	-49.966423	-50.083679
2.5233002	-0.047334623	-49.966583	-50.083519
2.5272	-0.047404725	-49.96674	-50.083363
2.5311	-0.047474835	-49.966896	-50.083206
2.5350001	-0.047544941	-49.967056	-50.083046
2.5389001	-0.047615048	-49.967213	-50.08289
2.5428002	-0.047685158	-49.967373	-50.082729
2.5467	-0.04775526	-49.967529	-50.082573
2.5506001	-0.047825366	-49.967686	-50.082417
2.5545001	-0.047895476	-49.967846	-50.082256
2.5584002	-0.047965582	-49.968002	-50.0821
2.5623002	-0.048035689	-49.968163	-50.08194
2.5662	-0.048105795	-49.968319	-50.081783
2.5701001	-0.048175901	-49.968479	-50.081623
2.5740001	-0.048246007	-49.968636	-50.081467
2.5779002	-0.048316117	-49.968792	-50.08131
2.5818	-0.04838622	-49.968952	-50.08115
2.5857	-0.048456326	-49.969109	-50.080994
2.5896001	-0.048526436	-49.969269	-50.080833
2.5935001	-0.048596542	-49.969425	-50.080677
2.5974002	-0.048666649	-49.969582	-50.080521
2.6013	-0.048736751	-49.969742	-50.08036
2.6052001	-0.048806861	-49.969898	-50.080204
2.6091001	-0.048876967	-49.970058	-50.080044
2.6130002	-0.048947077	-49.970215	-50.079887
2.6169002	-0.049017183	-49.970375	-50.079727
2.6208	-0.049087286	-49.970531	-50.079571
2.6247001	-0.049157392	-49.970688	-50.079414
2.6286001	-0.049227502	-49.970848	-50.079254
2.6325002	-0.049297608	-49.971004	-50.079098
2.6364	-0.049367711	-49.971165	-50.078938
2.6403	-0.049437821	-49.971321	-50.078781
2.6442001	-0.049507927	-49.971478	-50.078625
2.6481001	-0.049578033	-49.971638	-50.078465
2.6520002	-0.049648143	-49.971794	-50.078308
2.6559	-0.049718246	-49.971954	-50.078148
2.6598001	-0.049788352	-49.972111	-50.077991
2.6637001	-0.049858462	-49.972271	-50.077831
2.6676002	-0.049928568	-49.972427	-50.077675
2.6715002	-0.049998675	-49.972584	-50.077518
2.6754	-0.050068781	-49.972744	-50.077358
2.6793001	-0.050138887	-49.9729	-50.077202
2.6832001	-0.050208993	-49.973061	-50.077042
2.6871002	-0.050279103	-49.973217	-50.076885
2.691	-0.050349206	-49.973373	-50.076729
2.6949	-0.050419312	-49.973534	-50.076569
2.6988001	-0.050489422	-49.97369	-50.076412
2.7027001	-0.050559528	-49.97385	-50.076252
2.7066002	-0.050629634	-49.974007	-50.076096
2.7105	-0.050699741	-49.974163	-50.075939
2.7144001	-0.050769847	-49.974323	-50.075779
2.7183001	-0.050839953	-49.97448	-50.075623
2.7222002	-0.050910063	-49.97464	-50.075462
2.7261002	-0.050980169	-49.974796	-50.075306
2.73	-0.051050272	-49.974957	-50.075146
2.7339001	-0.051120382	-49.975113	-50.074989
2.7378001	-0.051190488	-49.975269	-50.074833
2.7417002	-0.051260594	-49.97543	-50.074673
2.7456	-0.051330697	-49.975586	-50.074516
2.7495	-0.051400807	-49.975746	-50.074356
2.7534001	-0.051470913	-49.975903	-50.0742
2.7573001	-0.051541023	-49.976059	-50.074043
2.7612002	-0.051611129	-49.976219	-50.073883
2.7651	-0.051681232	-49.976376	-50.073727
2.7690001	-0.051751345	-49.976524	-50.073578
2.7729001	-0.051821478	-49.976635	-50.073467
2.7768002	-0.05189161	-49.976746	-50.073357
2.7807002	-0.051961742	-49.976852	-50.07325
2.7846	-0.052031871	-49.976963	-50.073139
2.7885001	-0.052102007	-49.977074	-50.073029
2.7924001	-0.052172139	-49.977184	-50.072918
2.7963002	-0.052242272	-49.977291	-50.072811
2.8002	-0.0523124	-49.977402	-50.072701
2.8041	-0.052382533	-49.977512	-50.07259
2.8080001	-0.052452665	-49.977623	-50.072479
2.8119001	-0.052522797	-49.97773	-50.072369
2.8158002	-0.052592929	-49.97784	-50.072262
2.8197	-0.052663062	-49.977951	-50.072151
2.8236001	-0.052733194	-49.978062	-50.072041
2.8275001	-0.052803326	-49.978168	-50.07193
2.8314002	-0.052873459	-49.978279	-50.071823
2.8353002	-0.052943591	-49.97839	-50.071712
2.8392	-0.05301372	-49.9785	-50.071602
2.8431001	-0.053083852	-49.978611	-50.071491
2.8470001	-0.053153984	-49.978718	-50.071381
2.8509002	-0.05322412	-49.978828	-50.071274
2.8548	-0.053294249	-49.978939	-50.071163
2.8587	-0.053364381	-49.97905	-50.071053
2.8626001	-0.053434514	-49.979156	-50.070942
2.8665001	-0.053504646	-49.979267	-50.070835
2.8704002	-0.053574778	-49.979378	-50.070724
2.8743	-0.053644907	-49.979488	-50.070614
2.8782001	-0.053715039	-49.979595	-50.070503
2.8821001	-0.053785175	-49.979706	-50.070393
2.8860002	-0.053855307	-49.979816	-50.070286
2.8899002	-0.05392544	-49.979927	-50.070175
2.8938	-0.053995568	-49.980034	-50.070065
2.8977001	-0.054065701	-49.980145	-50.069954
2.9016001	-0.054135833	-49.980255	-50.069847
2.9055002	-0.054205965	-49.980366	-50.069736
2.9094	-0.054276094	-49.980476	-50.069626
2.9133	-0.05434623	-49.980583	-50.069515
2.9172001	-0.054416362	-49.980694	-50.069405
2.9211001	-0.054486495	-49.980804	-50.069298
2.9250002	-0.054556627	-49.980915	-50.069187
2.9289	-0.054626755	-49.981022	-50.069077
2.9328001	-0.054696888	-49.981133	-50.068966
2.9367001	-0.05476702	-49.981243	-50.068859
2.9406002	-0.054837156	-49.981354	-50.068748
2.9445002	-0.054907288	-49.981461	-50.068638
2.9484	-0.054977417	-49.981571	-50.068527
2.9523001	-0.055047549	-49.981682	-50.06842
2.9562001	-0.055117682	-49.981792	-50.06831
2.9601002	-0.055187814	-49.981899	-50.068199
2.964	-0.055257943	-49.98201	-50.068089
2.9679	-0.055328075	-49.982121	-50.067978
2.9718001	-0.055398211	-49.982231	-50.067871
2.9757001	-0.055468343	-49.982342	-50.06776
2.9796002	-0.055538476	-49.982449	-50.06765
2.9835	-0.055608604	-49.982559	-50.067539
2.9874001	-0.055678736	-49.98267	-50.067432
2.9913001	-0.055748869	-49.98278	-50.067322
2.9952002	-0.055819001	-49.982887	-50.067211
2.9991002	-0.055889133	-49.982998	-50.067101
3.003	-0.055959262	-49.983109	-50.06699
3.0069001	-0.056029398	-49.983219	-50.066883
3.0108001	-0.05609953	-49.983326	-50.066772
3.0147002	-0.056169663	-49.983437	-50.066662
3.0186	-0.056239791	-49.983547	-50.066551
3.0225	-0.056309924	-49.983658	-50.066444
3.0264001	-0.056380056	-49.983765	-50.066334
3.0303001	-0.056450188	-49.983875	-50.066223
3.0342002	-0.056520324	-49.983986	-50.066113
3.0381	-0.056590453	-49.984097	-50.066002
3.0420001	-0.056660585	-49.984203	-50.065895
3.0459001	-0.056730717	-49.984314	-50.065784
3.0498002	-0.05680085	-49.984425	-50.065674
3.0537002	-0.056870982	-49.984535	-50.065563
3.0576	-0.056941111	-49.984646	-50.065456
3.0615001	-0.057011243	-49.984753	-50.065346
3.0654001	-0.057081379	-49.984863	-50.065235
3.0693002	-0.057151511	-49.984974	-50.065125
3.0732	-0.05722164	-49.985085	-50.065014
3.0771	-0.057291772	-49.985191	-50.064907
3.0810001	-0.057361905	-49.985302	-50.064796
3.0849001	-0.057432037	-49.985413	-50.064686
3.0888002	-0.057502169	-49.985523	-50.064575
3.0927	-0.057572305	-49.986221	-50.064579
3.0966001	-0.05764246	-49.986298	-50.064499
3.1005001	-0.057712615	-49.986374	-50.064419
3.1044002	-0.057782769	-49.98645	-50.064339
3.1083002	-0.057852924	-49.986526	-50.064259
3.1122	-0.057923075	-49.986603	-50.064178
3.1161001	-0.057993233	-49.986679	-50.064098
3.1200001	-0.058063388	-49.986755	-50.064018
3.1239002	-0.058133543	-49.986832	-50.063938
3.1278	-0.058203693	-49.986908	-50.063858
3.1317	-0.058273848	-49.986984	-50.063778
3.1356001	-0.058344003	-49.987061	-50.063698
3.1395001	-0.058414157	-49.987137	-50.063618
3.1434002	-0.058484312	-49.987213	-50.063538
3.1473	-0.058554463	-49.987289	-50.063457
3.1512001	-0.058624618	-49.987366	-50.063377
3.1551001	-0.058694772	-49.987442	-50.063297
3.1590002	-0.058764927	-49.987518	-50.063217
3.1629002	-0.058835082	-49.987595	-50.063137
3.1668	-0.058905233	-49.987667	-50.063057
3.1707001	-0.058975387	-49.987743	-50.062977
3.1746001	-0.059045546	-49.98782	-50.062897
3.1785002	-0.0591157	-49.987896	-50.062817
3.1824	-0.059185851	-49.987972	-50.062737
3.1863	-0.059256006	-49.988049	-50.062656
3.1902001	-0.059326161	-49.988125	-50.062576
3.1941001	-0.059396315	-49.988201	-50.062496
3.1980002	-0.05946647	-49.988277	-50.062416
3.2019	-0.059536621	-49.988354	-50.062336
3.2058001	-0.059606776	-49.98843	-50.062256
3.2097001	-0.05967693	-49.988506	-50.062176
3.2136002	-0.059747085	-49.988583	-50.062096
3.2175002	-0.05981724	-49.988659	-50.062016
3.2214	-0.059887391	-49.988735	-50.061935
3.2253001	-0.059957545	-49.988811	-50.061855
3.2292001	-0.0600277	-49.988888	-50.061775
3.2331002	-0.060097855	-49.988964	-50.061695
3.237	-0.060168006	-49.98904	-50.061615
3.2409	-0.060238164	-49.989117	-50.061535
3.2448001	-0.060308319	-49.989193	-50.061455
3.2487001	-0.060378473	-49.989269	-50.061375
3.2526002	-0.060448628	-49.989346	-50.061295
3.2565	-0.060518779	-49.989422	-50.061214
3.2604001	-0.060588934	-49.989498	-50.061134
3.2643001	-0.060659088	-49.989574	-50.061054
3.2682002	-0.060729243	-49.989651	-50.060974
3.2721002	-0.060799398	-49.989727	-50.060894
3.276	-0.060869548	-49.989803	-50.060814
3.2799001	-0.060939703	-49.98988	-50.060734
3.2838001	-0.061009858	-49.989956	-50.060654
3.2877002	-0.061080012	-49.990032	-50.060574
3.2916	-0.061150163	-49.990108	-50.060493
3.2955	-0.061220318	-49.990185	-50.060413
3.2994001	-0.061290473	-49.990261	-50.060333
3.3033001	-0.061360631	-49.990337	-50.060253
3.3072002	-0.061430786	-49.990414	-50.060173
3.3111	-0.061500937	-49.99049	-50.060093
3.3150001	-0.061571091	-49.990566	-50.060013
3.3189001	-0.061641246	-49.990643	-50.059933
3.3228002	-0.061711401	-49.990719	-50.059853
3.3267002	-0.061781555	-49.990795	-50.059772
3.3306	-0.061851706	-49.990871	-50.059692
3.3345001	-0.061921861	-49.990948	-50.059612
3.3384001	-0.061992016	-49.991024	-50.059532
3.3423002	-0.06206217	-49.9911	-50.059452
3.3462	-0.062132321	-49.991177	-50.059372
3.3501	-0.062202476	-49.991253	-50.059292
3.3540001	-0.062272631	-49.991329	-50.059212
3.3579001	-0.062342785	-49.991405	-50.059132
3.3618002	-0.062412944	-49.991482	-50.059052
3.3657	-0.062483095	-49.991558	-50.058971
3.3696001	-0.062553249	-49.991634	-50.058891
3.3735001	-0.062623404	-49.991711	-50.058811
3.3774002	-0.062693559	-49.991783	-50.058731
3.3813002	-0.062763713	-49.991859	-50.058651
3.3852	-0.062833861	-49.991936	-50.058571
3.3891001	-0.062904015	-49.992012	-50.058491
3.3930001	-0.062974177	-49.992088	-50.058411
3.3969002	-0.063044332	-49.992165	-50.058331
3.4008	-0.063114479	-49.992241	-50.05825
3.4047	-0.063184634	-49.992317	-50.05817
3.4086001	-0.063254789	-49.992393	-50.05809
3.4125001	-0.063324943	-49.99247	-50.05801
3.4164002	-0.063395098	-49.992546	-50.05793
3.4203	-0.063465253	-49.992622	-50.05785
3.4242001	-0.063535407	-49.992699	-50.05777
3.4281001	-0.063605562	-49.992775	-50.05769
3.4320002	-0.063675717	-49.992851	-50.05761
3.4359002	-0.063745871	-49.992928	-50.057529
3.4398	-0.063816018	-49.993004	-50.057449
3.4437001	-0.063886173	-49.99308	-50.057369
3.4476001	-0.063956328	-49.993156	-50.057289
3.4515002	-0.064026482	-49.993233	-50.057209
3.4554	-0.064096637	-49.993309	-50.057129
3.4593	-0.064166792	-49.993385	-50.057049
3.4632001	-0.064236946	-49.993462	-50.056969
3.4671001	-0.064307101	-49.993538	-50.056889
3.4710002	-0.064377256	-49.993614	-50.056808
3.4749	-0.06444741	-49.99369	-50.056728
3.4788001	-0.064517565	-49.993767	-50.056648
3.4827001	-0.06458772	-49.993843	-50.056568
3.4866002	-0.064657874	-49.993919	-50.056488
3.4905002	-0.064728029	-49.993996	-50.056408
3.4944	-0.064798176	-49.994072	-50.056328
3.4983001	-0.064868346	-49.994129	-50.05624
3.5022001	-0.064938515	-49.994183	-50.056149
3.5061002	-0.065008685	-49.994232	-50.056057
3.51	-0.065078855	-49.994282	-50.055965
3.5139	-0.065149024	-49.994331	-50.055874
3.5178001	-0.065219194	-49.994381	-50.055782
3.5217001	-0.065289371	-49.994431	-50.055691
3.5256002	-0.06535954	-49.994484	-50.055599
3.5295	-0.06542971	-49.994534	-50.055508
3.5334001	-0.065499879	-49.994583	-50.055416
3.5373001	-0.065570049	-49.994633	-50.055325
3.5412002	-0.065640219	-49.994682	-50.055233
3.5451002	-0.065710396	-49.994732	-50.055141
3.549	-0.065780558	-49.994781	-50.05505
3.5529001	-0.065850727	-49.994835	-50.054958
3.5568001	-0.065920904	-49.994884	-50.054867
3.5607002	-0.065991074	-49.994934	-50.054775
3.5646	-0.066061243	-49.994984	-50.054684
3.5685	-0.066131413	-49.995033	-50.054592
3.5724001	-0.066201583	-49.995083	-50.054501
3.5763001	-0.066271752	-49.995136	-50.054409
3.5802002	-0.066341929	-49.995186	-50.054317
3.5841	-0.066412091	-49.995235	-50.054226
3.5880001	-0.066482261	-49.995285	-50.054134
3.5919001	-0.066552438	-49.995335	-50.054043
3.5958002	-0.066622607	-49.995384	-50.053951
3.5997002	-0.066692777	-49.995434	-50.05386
3.6036	-0.066762947	-49.995487	-50.053768
3.6075001	-0.066833116	-49.995537	-50.053677
3.6114001	-0.066903286	-49.995586	-50.053581
3.6153002	-0.066973463	-49.995636	-50.05349
3.6192	-0.067043625	-49.995686	-50.053398
3.6231	-0.067113794	-49.995735	-50.053307
3.6270001	-0.067183971	-49.995785	-50.053215
3.6309001	-0.067254141	-49.995838	-50.053123
3.6348002	-0.067324311	-49.995888	-50.053032
3.6387	-0.06739448	-49.995937	-50.05294
3.6426001	-0.06746465	-49.995987	-50.052849
3.6465001	-0.067534819	-49.996037	-50.052757
3.6504002	-0.067604996	-49.996086	-50.052666
3.6543002	-0.067675166	-49.99614	-50.052574
3.6582	-0.067745328	-49.996189	-50.052483
3.6621001	-0.067815505	-49.996239	-50.052391
3.6660001	-0.067885675	-49.996288	-50.052299
3.6699002	-0.067955844	-49.996338	-50.052208
3.6738	-0.068026014	-49.996387	-50.052116
3.6777	-0.068096183	-49.996437	-50.052025
3.6816001	-0.068166353	-49.99649	-50.051933
3.6855001	-0.06823653	-49.99654	-50.051842
3.6894002	-0.068306699	-49.99659	-50.05175
3.6933	-0.068376869	-49.996639	-50.051659
3.6972001	-0.068447039	-49.996689	-50.051567
3.7011001	-0.068517208	-49.996738	-50.051476
3.7050002	-0.068587378	-49.996788	-50.051384
3.7089002	-0.068657547	-49.996841	-50.051292
3.7128	-0.068727717	-49.996891	-50.051201
3.7167001	-0.068797886	-49.996941	-50.051109
3.7206001	-0.068868063	-49.99699	-50.051018
3.7245002	-0.068938233	-49.99704	-50.050926
3.7284	-0.069008403	-49.997089	-50.050831
3.7323	-0.069078572	-49.997143	-50.050739
3.7362001	-0.069148742	-49.997192	-50.050648
3.7401001	-0.069218911	-49.997242	-50.050556
3.7440002	-0.069289088	-49.997292	-50.050465
3.7479	-0.06935925	-49.997341	-50.050373
3.7518001	-0.06942942	-49.997391	-50.050282
3.7557001	-0.069499597	-49.99744	-50.05019
3.7596002	-0.069569767	-49.997494	-50.050098
3.7635002	-0.069639936	-49.997543	-50.050007
3.7674	-0.069710106	-49.997593	-50.049915
3.7713001	-0.069780275	-49.997643	-50.049824
3.7752001	-0.069850445	-49.997692	-50.049732
3.7791002	-0.069920622	-49.997742	-50.049641
3.783	-0.069990784	-49.997791	-50.049549
3.7869	-0.070060953	-49.997845	-50.049458
3.7908001	-0.070131131	-49.997894	-50.049366
3.7947001	-0.0702013	-49.997944	-50.049274
3.7986002	-0.07027147	-49.997993	-50.049183
3.8025	-0.070341639	-49.998043	-50.049091
3.8064001	-0.070411809	-49.998093	-50.049
3.8103001	-0.070481978	-49.998146	-50.048908
3.8142002	-0.070552155	-49.998196	-50.048817
3.8181002	-0.070622325	-49.998245	-50.048725
3.822	-0.070692487	-49.998295	-50.048634
3.8259001	-0.070762664	-49.998344	-50.048542
3.8298001	-0.070832834	-49.998394	-50.04845
3.8337002	-0.070903003	-49.998444	-50.048359
3.8376	-0.070973173	-49.998497	-50.048267
3.8415	-0.071043342	-49.998547	-50.048176
3.8454001	-0.071113512	-49.998596	-50.04808
3.8493001	-0.071183689	-49.998646	-50.047989
3.8532002	-0.071253859	-49.998695	-50.047897
3.8571	-0.071324021	-49.998745	-50.047806
3.8610001	-0.071394198	-49.998795	-50.047714
3.8649001	-0.071464367	-49.998848	-50.047623
3.8688002	-0.071534537	-49.998898	-50.047531
3.8727002	-0.071604706	-49.998947	-50.04744
3.8766	-0.071674876	-49.998997	-50.047348
3.8805001	-0.071745045	-49.999046	-50.047256
3.8844001	-0.071815223	-49.999096	-50.047165
3.8883002	-0.071885392	-49.999149	-50.047073
3.8922	-0.071955562	-49.999199	-50.046982
3.8961	-0.072025731	-49.999249	-50.04689
3.9000001	-0.072095901	-49.999298	-50.046799