0. 0.
1.0000000000000002e-6 0.
-1.0000000000000002e-6 0.
-1.0000000000000002e-6 0.
0. 1.0000000000000002e-6
0. 1.0000000000000002e-6
-5.e-6 2.9999999999999997e-6
-5.e-6 2.9999999999999997e-6
-0.00001 4.000000000000001e-6
-0.000011000000000000001 5.e-6
-0.000014 5.e-6
-0.000017 5.999999999999999e-6
-0.00002 5.999999999999999e-6
-0.00002 7.e-6
-0.000025 8.000000000000001e-6
-0.000027000000000000002 5.999999999999999e-6
-0.000025 9.e-6
-0.00003 9.e-6
-0.000032000000000000005 9.e-6
-0.000037000000000000005 0.00001
-0.000038 0.000011000000000000001
-0.00004100000000000001 0.000011999999999999999
-0.000044000000000000006 0.000011999999999999999
-0.000044000000000000006 0.000011999999999999999
-0.000044999999999999996 0.000014
-0.000047000000000000004 0.000014
-0.000047999999999999994 0.000015
-0.00005 0.000015
-0.000052 0.000016000000000000003
-0.000053 0.000016000000000000003
-0.000054999999999999995 0.000017
-0.000057 0.000018
-0.000059 0.000018
-0.000062 0.000018
-0.000062 0.00002
-0.000066 0.000019
-0.000069 0.000021
-0.000071 0.00002
-0.00007400000000000001 0.000021
-0.000077 0.000022000000000000003
-0.00007900000000000001 0.000022000000000000003
-0.00008 0.000023
-0.000083 0.000023999999999999997
-0.000084 0.000023999999999999997
-0.000086 0.000025
-0.00008800000000000001 0.000026
-0.00008999999999999999 0.000027000000000000002
-0.000092 0.000027000000000000002
-0.00009400000000000001 0.000027000000000000002
-0.000097 0.000027000000000000002
-0.000101 0.000029
-0.00010300000000000001 0.000029
-0.000105 0.00003
-0.000107 0.00003
-0.00010999999999999999 0.000031
-0.000112 0.000031
-0.000116 0.000032000000000000005
-0.000118 0.000032000000000000005
-0.000119 0.000034
-0.000121 0.000035000000000000004
-0.000123 0.000035000000000000004
-0.000123 0.000035000000000000004
-0.000129 0.000035000000000000004
-0.00013 0.000036
-0.000131 0.000037000000000000005
-0.000132 0.000036
-0.000135 0.000037000000000000005
-0.000136 0.000038
-0.000137 0.000039
-0.000141 0.00004
-0.000141 0.000039
-0.000144 0.00004
-0.000147 0.00004
-0.00014900000000000002 0.000042
-0.00015 0.000042
-0.000153 0.000043
-0.000156 0.000042
-0.00015900000000000002 0.000044000000000000006
-0.000162 0.000044000000000000006
-0.00016400000000000003 0.000044000000000000006
-0.000166 0.000044999999999999996
-0.000169 0.000046
-0.00017 0.000047000000000000004
-0.000172 0.000047000000000000004
-0.000174 0.000046
-0.00017500000000000003 0.000047999999999999994
-0.00017500000000000003 0.000047999999999999994
-0.000179 0.000049
-0.00017999999999999998 0.000049
-0.000182 0.00005
-0.000183 0.00005
-0.000186 0.00005
-0.00019099999999999998 0.000051000000000000006
-0.00019199999999999998 0.000053
-0.000194 0.000053
-0.000196 0.000053
-0.00019800000000000002 0.000054000000000000005
-0.000201 0.000054000000000000005
-0.00020500000000000002 0.000054999999999999995
-0.00020400000000000003 0.000056
-0.00020600000000000002 0.000056
-0.00021 0.000056
-0.00021 0.000056
-0.000212 0.000058
-0.000212 0.000057
-0.000213 0.000057
-0.00021700000000000002 0.000059
-0.000219 0.000059
-0.000222 0.000059
-0.000224 0.000059
-0.000229 0.00006
-0.000228 0.000061000000000000005
-0.000231 0.000062
-0.00023400000000000002 0.000062
-0.000237 0.000062
-0.000238 0.000063
-0.000242 0.00006400000000000001
-0.000243 0.000065
-0.000246 0.000065
-0.000245 0.000065
-0.000248 0.000065
-0.00025100000000000003 0.000066
-0.000253 0.000067
-0.00025499999999999996 0.000068
-0.00026 0.000068
-0.000261 0.00007000000000000001
-0.000263 0.00007000000000000001
-0.00026700000000000004 0.00007000000000000001
-0.000271 0.00007000000000000001
-0.000273 0.000071
-0.000276 0.00007000000000000001
-0.000277 0.000071
-0.000279 0.000071
-0.000282 0.000072
-0.00028500000000000004 0.000073
-0.00028500000000000004 0.000073
-0.000288 0.000075
-0.000291 0.000075
-0.000291 0.000075
-0.000293 0.000076
-0.000295 0.000076
-0.00029600000000000004 0.000076
-0.000297 0.000076
-0.00029800000000000003 0.000078
-0.000303 0.000078
-0.00030700000000000004 0.000078
-0.00030900000000000003 0.000078
-0.00031 0.00007900000000000001
-0.000314 0.00007900000000000001
-0.000315 0.00007900000000000001
-0.000317 0.00007900000000000001
-0.000319 0.00008200000000000001
-0.000319 0.000081
-0.000322 0.00008200000000000001
-0.00032300000000000004 0.00008200000000000001
-0.000324 0.00008200000000000001
-0.00032500000000000004 0.00008200000000000001
-0.00032599999999999996 0.00008200000000000001
-0.000329 0.000084
-0.00033 0.000084
-0.00033 0.000085
-0.00033099999999999997 0.000085
-0.000335 0.000085
-0.000336 0.000085
-0.000342 0.000086
-0.000342 0.000086
-0.00034500000000000004 0.00008800000000000001
-0.000343 0.000087
-0.00034500000000000004 0.00008800000000000001
-0.000348 0.00008800000000000001
-0.00034700000000000003 0.000089
-0.000349 0.000089
-0.00035000000000000005 0.00008999999999999999
-0.00035200000000000005 0.000091
-0.00035499999999999996 0.00008999999999999999
-0.000358 0.00008999999999999999
-0.000361 0.000091
-0.000361 0.000091
-0.000364 0.000092
-0.00036700000000000003 0.000092
-0.000368 0.000093
-0.000371 0.000093
-0.000373 0.00009400000000000001
-0.000377 0.00009400000000000001
-0.00038 0.000095
-0.00038100000000000005 0.000095
-0.000385 0.000095
-0.00038600000000000006 0.000095
-0.000391 0.000095
-0.000394 0.000097
-0.00039600000000000003 0.000098
-0.0004 0.000098
-0.000401 0.00009900000000000001
-0.00040500000000000003 0.00009900000000000001
-0.000406 0.0001
-0.000406 0.0001
-0.000409 0.000101
-0.00041099999999999996 0.000101
-0.000414 0.0001
-0.00041799999999999997 0.000101
-0.000421 0.000101
-0.000422 0.00010300000000000001
-0.000423 0.00010300000000000001
-0.000424 0.00010300000000000001
-0.000428 0.000104
-0.00043 0.000105
-0.000433 0.000104
-0.000436 0.000106
-0.00043700000000000005 0.000106
-0.00043999999999999996 0.000107
-0.000441 0.000106
-0.000445 0.000107
-0.000448 0.00010800000000000001
-0.000448 0.00010800000000000001
-0.000449 0.00010800000000000001
-0.00045 0.000109
-0.000452 0.00010800000000000001
-0.00045400000000000003 0.00010999999999999999
-0.000457 0.000111
-0.000457 0.00010999999999999999
-0.00045900000000000004 0.000111
-0.00046100000000000004 0.000111
-0.00046100000000000004 0.000111
-0.000465 0.000112
-0.00046699999999999997 0.000113
-0.00046699999999999997 0.000113
-0.00046800000000000005 0.000114
-0.000472 0.000114
-0.000475 0.000114
-0.000479 0.000114
-0.00048300000000000003 0.000115
-0.000481 0.000116
-0.00048300000000000003 0.00011700000000000001
-0.00048800000000000004 0.00011700000000000001
-0.000491 0.00011700000000000001
-0.000493 0.00011700000000000001
-0.000495 0.000119
-0.000496 0.000119
-0.000498 0.00012
-0.0005 0.00012
-0.0005 0.00012
-0.000504 0.00012
-0.000505 0.00012
-0.000506 0.000121
-0.000509 0.00012
-0.0005099999999999999 0.000121
-0.0005099999999999999 0.000121
-0.000514 0.00012200000000000001
-0.000517 0.000123
-0.000519 0.000123
-0.000521 0.000124
-0.000522 0.000124
-0.000523 0.000124
-0.000527 0.000125
-0.000526 0.000126
-0.0005290000000000001 0.000126
-0.0005290000000000001 0.000126
-0.000533 0.000127
-0.000535 0.000127
-0.000537 0.000127
-0.0005390000000000001 0.00012800000000000002
-0.000541 0.000129
-0.000543 0.000129
-0.000546 0.000129
-0.000549 0.000129
-0.00055 0.000131
-0.000552 0.000131
-0.000554 0.000132
-0.000554 0.000132
-0.000558 0.000132
-0.000561 0.000133
-0.000563 0.000133
-0.000567 0.000132
-0.000564 0.000134
-0.000567 0.000134
-0.000569 0.000135
-0.0005729999999999999 0.000135
-0.000576 0.000135
-0.000576 0.000136
-0.000578 0.000137
-0.00058 0.000138
-0.000582 0.000138
-0.000585 0.000138
-0.000589 0.000138
-0.000586 0.000138
-0.000591 0.000139
-0.000594 0.00014000000000000001
-0.000594 0.00014000000000000001
-0.000598 0.000141
-0.000601 0.000141
-0.000602 0.000141
-0.000605 0.000141
-0.000606 0.000141
-0.00061 0.000143
-0.000613 0.000142
-0.000615 0.000144
-0.000615 0.000143
-0.000617 0.000145
-0.000617 0.000144
-0.000621 0.000144
-0.000621 0.000144
-0.000626 0.000145
-0.0006270000000000001 0.000146
-0.000629 0.000147
-0.00063 0.000147
-0.00063 0.00014800000000000002
-0.000635 0.000147
-0.000639 0.00014900000000000002
-0.000638 0.00014800000000000002
-0.000643 0.00014900000000000002
-0.0006450000000000001 0.00015
-0.0006460000000000001 0.00015
-0.000648 0.00015
-0.0006490000000000001 0.00015
-0.000648 0.00015
-0.0006469999999999999 0.000152
-0.0006469999999999999 0.000151
-0.0006510000000000001 0.000152
-0.0006529999999999999 0.000152
-0.0006529999999999999 0.000153
-0.0006550000000000001 0.000152
-0.000659 0.000154
-0.0006569999999999999 0.000154
-0.000661 0.000155
-0.000664 0.000155
-0.000668 0.000155
-0.000668 0.000155
-0.000669 0.000156
-0.000668 0.000156
-0.000671 0.000157
-0.000671 0.000157
-0.000674 0.00015800000000000002
-0.000677 0.000157
-0.000679 0.00015800000000000002
-0.00068 0.00015900000000000002
-0.000681 0.00015900000000000002
-0.0006850000000000001 0.00016
-0.000687 0.000161
-0.000689 0.000161
-0.000691 0.000161
-0.000693 0.000161
-0.0006950000000000001 0.000162
-0.000698 0.000162
-0.0007000000000000001 0.000162
-0.000702 0.00016299999999999998
-0.0007040000000000001 0.00016400000000000003
-0.0007040000000000001 0.00016400000000000003
-0.0007059999999999999 0.00016400000000000003
-0.0007099999999999999 0.000165
-0.000712 0.000166
-0.000713 0.000166
-0.0007140000000000001 0.000166
-0.0007149999999999999 0.000167
-0.0007199999999999999 0.000167
-0.000719 0.000167
-0.000723 0.000168
-0.000726 0.000168
-0.000728 0.000169
-0.000729 0.000169
-0.00073 0.00017
-0.000735 0.00017
-0.000736 0.00017
-0.000738 0.00017
-0.00074 0.000172
-0.00074 0.000172
-0.0007430000000000001 0.000172
-0.000747 0.000173
-0.000747 0.000172
-0.000749 0.000173
-0.000749 0.000173
-0.000751 0.000174
-0.000755 0.000174
-0.0007580000000000001 0.00017600000000000002
-0.0007610000000000001 0.00017500000000000003
-0.0007610000000000001 0.00017600000000000002
-0.0007620000000000001 0.00017600000000000002
-0.0007630000000000001 0.00017600000000000002
-0.0007670000000000001 0.00017600000000000002
-0.0007679999999999999 0.000178
-0.000771 0.000178
-0.000775 0.000179
-0.000774 0.000179
-0.000775 0.000179
-0.00078 0.000179
-0.000782 0.00017999999999999998
-0.000784 0.00017999999999999998
-0.000787 0.000181
-0.000785 0.000182
-0.000788 0.000181
-0.000787 0.000181
-0.000794 0.000182
-0.000797 0.000182
-0.000797 0.000183
-0.000798 0.000182
-0.000802 0.000183
-0.000805 0.000184
-0.000805 0.000184
-0.000808 0.000184
-0.000809 0.000186
-0.0008110000000000001 0.000186
-0.000812 0.00018700000000000002
-0.0008110000000000001 0.000186
-0.000817 0.00018700000000000002
-0.0008190000000000001 0.00018700000000000002
-0.0008200000000000001 0.00018800000000000002
-0.000823 0.000189
-0.0008240000000000001 0.000189
-0.0008269999999999999 0.00019
-0.00083 0.00019
-0.00083 0.00019
-0.000832 0.00019
-0.000835 0.00019099999999999998
-0.000838 0.00019099999999999998
-0.000839 0.00019300000000000003
-0.00084 0.00019199999999999998
-0.000843 0.00019199999999999998
-0.000845 0.00019300000000000003
-0.000845 0.000194
-0.000848 0.000194
-0.000849 0.000194
-0.000854 0.000195
-0.0008550000000000001 0.000195
-0.000857 0.000196
-0.000857 0.000196
-0.00086 0.000196
-0.000863 0.000197
-0.000865 0.00019800000000000002
-0.0008680000000000001 0.000199
-0.0008680000000000001 0.00019800000000000002
-0.00087 0.000199
-0.00087 0.000199
-0.000872 0.000199
-0.0008730000000000001 0.0002
-0.000881 0.0002
-0.0008790000000000001 0.0002
-0.0008790000000000001 0.000202
-0.000881 0.000201
-0.0008849999999999999 0.000201
-0.000887 0.000203
-0.00089 0.000203
-0.000891 0.00020400000000000003
-0.0008939999999999999 0.00020400000000000003
-0.000895 0.00020400000000000003
-0.000899 0.00020400000000000003
-0.0009 0.00020500000000000002
-0.000903 0.00020600000000000002
-0.000903 0.000207
-0.000906 0.00020600000000000002
-0.000906 0.00020600000000000002
-0.000906 0.00020600000000000002
-0.00091 0.000207
-0.000911 0.000207
-0.000914 0.000208
-0.0009130000000000001 0.000208
-0.0009170000000000001 0.000208
-0.0009180000000000001 0.00020899999999999998
-0.000923 0.00020899999999999998
-0.000924 0.00021
-0.0009260000000000001 0.000211
-0.000929 0.000211
-0.00093 0.000211
-0.0009310000000000001 0.000211
-0.0009339999999999999 0.000212
-0.0009360000000000001 0.000211
-0.0009360000000000001 0.000211
-0.0009370000000000001 0.000212
-0.0009370000000000001 0.000212
-0.000944 0.000213
-0.0009429999999999999 0.000214
-0.000947 0.000214
-0.000949 0.000214
-0.000951 0.000215
-0.000953 0.00021600000000000002
-0.00096 0.00021600000000000002
-0.000956 0.00021600000000000002
-0.00096 0.00021700000000000002
-0.000961 0.000219
-0.000964 0.000219
-0.0009660000000000001 0.000218
-0.000965 0.00021999999999999998
-0.00097 0.00021999999999999998
-0.0009710000000000001 0.00021999999999999998
-0.000972 0.00021999999999999998
-0.000974 0.00022100000000000003
-0.000974 0.00022100000000000003
-0.000979 0.00022100000000000003
-0.00098 0.00021999999999999998
-0.000984 0.000222
-0.000984 0.000223
-0.000989 0.000222
-0.000991 0.000223
-0.000992 0.000224
-0.000992 0.000224
-0.000993 0.000225
-0.000996 0.000225
-0.000998 0.000225
-0.001 0.000225
-0.0010040000000000001 0.000225
-0.001007 0.00022700000000000002
-0.00101 0.00022700000000000002
-0.00101 0.000228
-0.0010140000000000001 0.000228
-0.001016 0.000228
-0.001018 0.000228
-0.001023 0.000228
-0.001022 0.00023
-0.0010249999999999999 0.00023
-0.001027 0.00023
-0.001029 0.000231
-0.001034 0.000231
-0.001036 0.000231
-0.001037 0.000231
-0.00104 0.000232
-0.001044 0.00023300000000000003
-0.001043 0.00023300000000000003
-0.001047 0.00023300000000000003
-0.001047 0.00023300000000000003
-0.001049 0.00023400000000000002
-0.001051 0.00023400000000000002
-0.00106 0.00023400000000000002
-0.001056 0.00023400000000000002
-0.0010530000000000001 0.000235
-0.001052 0.00023400000000000002
-0.0010530000000000001 0.000235
-0.001052 0.00023400000000000002
-0.001052 0.00023400000000000002
-0.001048 0.000235
-0.001045 0.000235
-0.001044 0.000235
-0.001041 0.000235
-0.00104 0.000235
-0.001037 0.00023400000000000002
-0.001037 0.000235
-0.001033 0.000236
-0.001029 0.000235
-0.001028 0.00023400000000000002
-0.001026 0.00023400000000000002
-0.001021 0.00023400000000000002
-0.001021 0.00023400000000000002
-0.0010190000000000002 0.00023400000000000002
-0.0010170000000000001 0.00023400000000000002
-0.0010140000000000001 0.00023400000000000002
-0.001015 0.00023400000000000002
-0.001013 0.00023400000000000002
-0.0010090000000000001 0.00023400000000000002
-0.0010090000000000001 0.00023400000000000002
-0.001007 0.00023400000000000002
-0.001005 0.000231
-0.001003 0.00023400000000000002
-0.001001 0.00023400000000000002
-0.000999 0.00023300000000000003
-0.000994 0.00023300000000000003
-0.000993 0.00023400000000000002
-0.000991 0.00023400000000000002
-0.00099 0.00023300000000000003
-0.00099 0.00023300000000000003
-0.000988 0.000232
-0.000984 0.00023300000000000003
-0.000984 0.00023400000000000002
-0.000983 0.00023300000000000003
-0.000982 0.00023300000000000003
-0.000978 0.000232
-0.0009750000000000001 0.000232
-0.0009760000000000001 0.00023300000000000003
-0.000978 0.000232
-0.000974 0.000231
-0.000972 0.000231
-0.0009710000000000001 0.000231
-0.000972 0.000231
-0.000969 0.000231
-0.000965 0.000231
-0.0009660000000000001 0.000231
-0.000965 0.000231
-0.000965 0.000231
-0.000964 0.000231
-0.00096 0.000231
-0.000959 0.000231
-0.000959 0.000231
-0.000956 0.000229
-0.000955 0.000229
-0.000954 0.000228
-0.000951 0.000228
-0.000948 0.000228
-0.000946 0.000228
-0.000944 0.000228
-0.0009420000000000001 0.000228
-0.0009410000000000001 0.000226
-0.000939 0.00022700000000000002
-0.0009370000000000001 0.000226
-0.0009350000000000001 0.000226
-0.0009339999999999999 0.000225
-0.0009339999999999999 0.000226
-0.0009320000000000001 0.000225
-0.000928 0.000225
-0.0009270000000000001 0.000225
-0.0009260000000000001 0.000225
-0.000924 0.000223
-0.000923 0.000224
-0.00092 0.000224
-0.000919 0.000225
-0.000916 0.000223
-0.000914 0.000222
-0.000912 0.000222
-0.00091 0.000222
-0.000907 0.000222
-0.000906 0.000222
-0.000904 0.000222
-0.000898 0.000222
-0.000898 0.00021999999999999998
-0.000895 0.00022100000000000003
-0.0008939999999999999 0.00021999999999999998
-0.000892 0.00022100000000000003
-0.000891 0.00022100000000000003
-0.00089 0.00021999999999999998
-0.000887 0.00021999999999999998
-0.000886 0.00021999999999999998
-0.0008849999999999999 0.00021999999999999998
-0.0008799999999999999 0.00021999999999999998
-0.0008790000000000001 0.000219
-0.0008799999999999999 0.000218
-0.0008790000000000001 0.000218
-0.0008790000000000001 0.000218
-0.0008780000000000001 0.000218
-0.0008749999999999999 0.00021700000000000002
-0.0008730000000000001 0.00021700000000000002
-0.00087 0.00021700000000000002
-0.0008680000000000001 0.00021600000000000002
-0.0008680000000000001 0.000215
-0.000866 0.00021600000000000002
-0.000863 0.000215
-0.00086 0.000215
-0.000858 0.000214
-0.000863 0.000214
-0.00086 0.000214
-0.000857 0.000214
-0.000854 0.000214
-0.000852 0.000214
-0.000852 0.000214
-0.000847 0.000212
-0.000848 0.000213
-0.000846 0.000213
-0.000844 0.000212
-0.000841 0.000212
-0.000839 0.000211
-0.0008359999999999999 0.000211
-0.000835 0.000211
-0.000835 0.000211
-0.000832 0.000211
-0.00083 0.00020899999999999998
-0.0008260000000000001 0.000208
-0.000823 0.00021
-0.000818 0.000208
-0.0008210000000000001 0.000208
-0.0008160000000000001 0.000208
-0.000812 0.000208
-0.0008110000000000001 0.000207
-0.0008100000000000001 0.000207
-0.000809 0.000207
-0.000807 0.00020600000000000002
-0.000804 0.00020600000000000002
-0.0008 0.00020500000000000002
-0.0008 0.00020600000000000002
-0.000797 0.00020500000000000002
-0.000804 0.00020500000000000002
-0.000794 0.00020500000000000002
-0.000794 0.00020500000000000002
-0.000793 0.00020400000000000003
-0.000791 0.00020400000000000003
-0.000789 0.00020500000000000002
-0.000783 0.000203
-0.000784 0.00020400000000000003
-0.000782 0.00020400000000000003
-0.0007779999999999999 0.000202
-0.0007779999999999999 0.000202
-0.000777 0.000202
-0.0007779999999999999 0.000202
-0.000774 0.000202
-0.000771 0.000202
-0.0007679999999999999 0.000201
-0.0007679999999999999 0.000201
-0.0007670000000000001 0.000201
-0.0007639999999999999 0.0002
-0.0007620000000000001 0.0002
-0.00076 0.000201
-0.00076 0.0002
-0.000755 0.000199
-0.0007530000000000001 0.000199
-0.0007530000000000001 0.000199
-0.0007530000000000001 0.000199
-0.000749 0.000199
-0.000749 0.00019800000000000002
-0.000746 0.000199
-0.000744 0.00019800000000000002
-0.000742 0.000197
-0.000739 0.000196
-0.000736 0.000196
-0.000735 0.000196
-0.000732 0.000195
-0.000733 0.000196
-0.00073 0.000196
-0.00073 0.000195
-0.000724 0.000195
-0.000723 0.000194
-0.000718 0.00019300000000000003
-0.000718 0.00019300000000000003
-0.0007140000000000001 0.00019300000000000003
-0.0007109999999999999 0.00019199999999999998
-0.0007099999999999999 0.00019199999999999998
-0.0007109999999999999 0.00019199999999999998
-0.0007080000000000001 0.00019099999999999998
-0.0007059999999999999 0.00019099999999999998
-0.0007059999999999999 0.00019300000000000003
-0.0007049999999999999 0.00019099999999999998
-0.0007040000000000001 0.00019
-0.000702 0.00019
-0.0007000000000000001 0.00019
-0.0007000000000000001 0.00019
-0.0006990000000000001 0.00019
-0.0006950000000000001 0.00019
-0.000693 0.00019
-0.000693 0.00019
-0.000688 0.00019
-0.000688 0.00018800000000000002
-0.000686 0.00018700000000000002
-0.000681 0.00018800000000000002
-0.000679 0.00018700000000000002
-0.000678 0.00018700000000000002
-0.000677 0.00018700000000000002
-0.000675 0.000186
-0.000676 0.000186
-0.000672 0.000186
-0.000669 0.000186
-0.000668 0.000186
-0.000665 0.000184
-0.000665 0.000185
-0.000664 0.000184
-0.0006619999999999999 0.000184
-0.000658 0.000184
-0.0006560000000000001 0.000184
-0.000654 0.000184
-0.000654 0.000182
-0.0006500000000000001 0.000183
-0.0006490000000000001 0.000183
-0.0006460000000000001 0.000182
-0.000643 0.000182
-0.000643 0.000182
-0.0006410000000000001 0.000182
-0.000642 0.000181
-0.0006370000000000001 0.000181
-0.000639 0.000181
-0.000635 0.000182
-0.0006320000000000001 0.00017999999999999998
-0.000631 0.00017999999999999998
-0.000631 0.00017999999999999998
-0.000629 0.000179
-0.000624 0.000179
-0.0006230000000000001 0.000179
-0.000621 0.000178
-0.00062 0.000178
-0.000617 0.00017700000000000002
-0.000616 0.000178
-0.000613 0.000178
-0.000611 0.00017700000000000002
-0.000608 0.00017600000000000002
-0.000607 0.00017600000000000002
-0.000604 0.00017600000000000002
-0.000603 0.00017600000000000002
-0.0006 0.00017500000000000003
-0.000599 0.00017600000000000002
-0.0005970000000000001 0.00017600000000000002
-0.000598 0.00017500000000000003
-0.000594 0.00017500000000000003
-0.000593 0.00017500000000000003
-0.000593 0.00017500000000000003
-0.000589 0.000173
-0.0005870000000000001 0.000174
-0.000585 0.000173
-0.000582 0.000173
-0.000584 0.000172
-0.000578 0.000173
-0.000579 0.000172
-0.000577 0.000171
-0.000575 0.00017
-0.0005729999999999999 0.000171
-0.000568 0.00017
-0.000566 0.00017
-0.000564 0.00017
-0.000564 0.00017
-0.000562 0.000169
-0.000562 0.000169
-0.000561 0.00017
-0.0005600000000000001 0.000169
-0.000557 0.000169
-0.000557 0.000168
-0.000555 0.000167
-0.000549 0.000167
-0.00055 0.000167
-0.000546 0.000166
-0.000543 0.000167
-0.000543 0.000166
-0.00054 0.000165
-0.000541 0.000166
-0.000537 0.00016400000000000003
-0.0005340000000000001 0.000165
-0.000533 0.000166
-0.00053 0.00016400000000000003
-0.00053 0.00016400000000000003
-0.00053 0.00016400000000000003
-0.0005340000000000001 0.000165
-0.000522 0.00016299999999999998
-0.000524 0.00016400000000000003
-0.000518 0.00016299999999999998
-0.00052 0.00016299999999999998
-0.000518 0.000162
-0.0005149999999999999 0.000162
-0.0005120000000000001 0.000161
-0.000511 0.000161
-0.000508 0.000161
-0.000508 0.000161
-0.000505 0.000161
-0.0005 0.000161
-0.000499 0.00016
-0.000497 0.00015900000000000002
-0.000496 0.00015900000000000002
-0.000495 0.00015900000000000002
-0.000492 0.00015800000000000002
-0.00049 0.00015800000000000002
-0.000489 0.00015800000000000002
-0.000487 0.00015800000000000002
-0.000487 0.00015800000000000002
-0.00048300000000000003 0.000156
-0.000484 0.000157
-0.000479 0.000157
-0.000478 0.000156
-0.000472 0.000156
-0.000474 0.000156
-0.00047 0.000155
-0.00047100000000000006 0.000155
-0.00046800000000000005 0.000154
-0.000464 0.000155
-0.00046699999999999997 0.000155
-0.000462 0.000153
-0.00046300000000000003 0.000153
-0.000456 0.000152
-0.000457 0.000153
-0.000456 0.000152
-0.000451 0.000152
-0.000452 0.000152
-0.000451 0.000152
-0.000446 0.000152
-0.000443 0.000151
-0.00044200000000000006 0.00015
-0.000438 0.00015
-0.00043900000000000005 0.000151
-0.000436 0.00015
-0.00043400000000000003 0.00014900000000000002
-0.00043200000000000004 0.00014900000000000002
-0.000428 0.00014900000000000002
-0.000427 0.00014900000000000002
-0.000427 0.00014800000000000002
-0.00042500000000000003 0.00014900000000000002
-0.000424 0.00014800000000000002
-0.000419 0.00014800000000000002
-0.00041799999999999997 0.00014800000000000002
-0.000414 0.000146
-0.000414 0.000146
-0.00041000000000000005 0.000145
-0.000406 0.000145
-0.00040500000000000003 0.000146
-0.00040500000000000003 0.000144
-0.000404 0.000144
-0.0004 0.000144
-0.000401 0.000144
-0.000398 0.000143
-0.000395 0.000144
-0.000393 0.000144
-0.00039 0.000142
-0.00038399999999999996 0.000142
-0.00037900000000000005 0.000141
-0.000375 0.000141
-0.00037 0.000141
-0.00037 0.00014000000000000001
-0.000369 0.00014000000000000001
-0.000366 0.000139
-0.000365 0.000139
-0.000363 0.000139
-0.000362 0.000138
-0.000361 0.000138
-0.00035999999999999997 0.000138
-0.000359 0.000138
-0.00035999999999999997 0.000138
-0.00035700000000000006 0.000138
-0.000356 0.000138
-0.00035299999999999996 0.000138
-0.000351 0.000138
-0.00035400000000000004 0.000138
-0.00035400000000000004 0.000137
-0.00035200000000000005 0.000138
-0.000349 0.000137
-0.00034700000000000003 0.000137
-0.000344 0.000137
-0.000343 0.000137
-0.000342 0.000137
-0.000337 0.000136
-0.000338 0.000135
-0.000336 0.000135
-0.000337 0.000135
-0.000332 0.000134
-0.00033 0.000134
-0.00033 0.000134
-0.000327 0.000135
-0.000324 0.000134
-0.000324 0.000133
-0.000322 0.000134
-0.00032 0.000132
-0.000317 0.000132
-0.000313 0.000132
-0.00031 0.000132
-0.00030900000000000003 0.000131
-0.000306 0.00013
-0.000304 0.00013
-0.000301 0.000129
-0.0003 0.000129
-0.00029600000000000004 0.000129
-0.000295 0.000129
-0.000293 0.00012800000000000002
-0.000292 0.00012800000000000002
-0.000289 0.00012800000000000002
-0.000283 0.000127
-0.000281 0.000127
-0.00028000000000000003 0.000127
-0.000278 0.000126
-0.000275 0.000126
-0.000273 0.000126
-0.00026900000000000003 0.000125
-0.00026700000000000004 0.000125
-0.000264 0.000124
-0.000263 0.000123
-0.000259 0.000123
-0.000258 0.000124
-0.00025499999999999996 0.000123
-0.000254 0.000123
-0.000252 0.000123
-0.000252 0.000123
-0.000252 0.00012200000000000001
-0.00024400000000000002 0.00012200000000000001
-0.000243 0.000121
-0.00024 0.00012
-0.000239 0.00012
-0.000238 0.00012
-0.000239 0.00012
-0.00023400000000000002 0.00012
-0.00023400000000000002 0.00012
-0.000239 0.00012
-0.00022700000000000002 0.000118
-0.000228 0.000118
-0.000225 0.00011700000000000001
-0.000222 0.000118
-0.000215 0.00011700000000000001
-0.000215 0.00011700000000000001
-0.000214 0.000115
-0.00021 0.000116
-0.00020899999999999998 0.000115
-0.00020400000000000003 0.000115
-0.000203 0.000114
-0.000202 0.000114
-0.0002 0.000114
-0.000197 0.000114
-0.000197 0.000113
-0.00019300000000000003 0.000114
-0.00019300000000000003 0.000114
-0.00018800000000000002 0.000112
-0.00018700000000000002 0.000112
-0.000184 0.000111
-0.000182 0.000112
-0.000181 0.000111
-0.000179 0.000111
-0.00017500000000000003 0.00010999999999999999
-0.00017500000000000003 0.000111
-0.00017 0.000109
-0.000167 0.00010800000000000001
-0.00016400000000000003 0.00010800000000000001
-0.000161 0.000109
-0.000155 0.00010800000000000001
-0.000156 0.000107
-0.000153 0.00010800000000000001
-0.000152 0.000107
-0.00014900000000000002 0.000107
-0.000147 0.000106
-0.000142 0.000106
-0.000142 0.000105
-0.000142 0.000105
-0.000139 0.000106
-0.000139 0.000105
-0.000134 0.000105
-0.000132 0.000104
-0.00013 0.00010300000000000001
-0.000127 0.00010300000000000001
-0.00012800000000000002 0.00010300000000000001
-0.000126 0.00010300000000000001
-0.00012200000000000001 0.00010300000000000001
-0.000114 0.000101
-0.000105 0.000101
-0.00010200000000000001 0.0001
-0.0001 0.00009900000000000001
-0.00009599999999999999 0.00009900000000000001
-0.000091 0.000098
-0.000086 0.000097
-0.000087 0.000097
-0.000085 0.000097
-0.000081 0.00009599999999999999
-0.000078 0.00009599999999999999
-0.000078 0.00009599999999999999
-0.000078 0.00009400000000000001
-0.00007400000000000001 0.000095
-0.00007400000000000001 0.00009599999999999999
-0.000077 0.00009599999999999999
-0.00007000000000000001 0.00009400000000000001
-0.00007400000000000001 0.000095
-0.000075 0.000095
-0.000077 0.00009400000000000001
-0.000083 0.000095
-0.000084 0.00009400000000000001
-0.000085 0.000095
-0.000091 0.000095
-0.000092 0.000095
-0.00009599999999999999 0.000095
-0.00009599999999999999 0.000095
-0.000097 0.00009599999999999999
-0.000101 0.000095
-0.000104 0.00009599999999999999
-0.000107 0.000095
-0.00010999999999999999 0.000095
-0.000113 0.000095
-0.000113 0.00009599999999999999
-0.00011700000000000001 0.000095
-0.00012 0.000095
-0.000123 0.00009400000000000001
-0.000124 0.00009599999999999999
-0.000125 0.000095
-0.000131 0.000097
-0.000134 0.000097
-0.000136 0.000097
-0.000139 0.000097
-0.000142 0.000097
-0.000141 0.000097
-0.000144 0.000097
-0.000144 0.000098
-0.000147 0.000097
-0.000151 0.000097
-0.00015 0.000098
-0.00015 0.000098
-0.000153 0.00009900000000000001
-0.000153 0.000098
-0.00015900000000000002 0.000098
-0.000162 0.0001
-0.00016400000000000003 0.00009900000000000001
-0.000167 0.0001
-0.000169 0.000101
-0.00017 0.000101
-0.00017700000000000002 0.000104
-0.00017600000000000002 0.000101
-0.00017700000000000002 0.00010200000000000001
-0.00017700000000000002 0.00010300000000000001
-0.00017999999999999998 0.00010300000000000001
-0.000182 0.00010300000000000001
-0.000186 0.00010300000000000001
-0.00018700000000000002 0.000104
-0.00018800000000000002 0.000105
-0.00018800000000000002 0.000105
-0.00019 0.000104
-0.00019099999999999998 0.000106
-0.000194 0.000106
-0.000194 0.000106
-0.00019800000000000002 0.000106
-0.000197 0.000107
-0.000202 0.000106
-0.00020400000000000003 0.000107
-0.00020500000000000002 0.00010800000000000001
-0.000208 0.00010800000000000001
-0.000212 0.000109
-0.000213 0.00010999999999999999
-0.000212 0.00010999999999999999
-0.000215 0.00010999999999999999
-0.000218 0.00010999999999999999
-0.00021999999999999998 0.000111
-0.000222 0.000111
-0.000222 0.000113
-0.000224 0.000112
-0.000228 0.000111
-0.000228 0.000112
-0.000232 0.000113
-0.00023400000000000002 0.000112
-0.00023300000000000003 0.000114
-0.00023400000000000002 0.000114
-0.000236 0.000114
-0.00024 0.000114
-0.00024 0.000115
-0.000243 0.000114
-0.000245 0.000115
-0.000245 0.000115
-0.000248 0.000116
-0.00025100000000000003 0.000116
-0.000253 0.00011700000000000001
-0.000253 0.00011700000000000001
-0.000254 0.00011700000000000001
-0.000259 0.00011700000000000001
-0.00026 0.000118
-0.000263 0.000118
-0.000263 0.000118
-0.000265 0.00012
-0.00027 0.00012
-0.00027 0.00012
-0.000271 0.00012
-0.000274 0.00012
-0.000277 0.00012200000000000001
-0.000278 0.000121
-0.000277 0.000123
-0.000283 0.000123
-0.000287 0.000123
-0.000288 0.000124
-0.00029 0.000124
-0.00029 0.000125
-0.000293 0.000126
-0.000294 0.000126
-0.000299 0.000125
-0.000297 0.000126
-0.000302 0.000126
-0.0003 0.000126
-0.000301 0.000127
-0.000304 0.000126
-0.00030700000000000004 0.000127
-0.00030700000000000004 0.000127
-0.000312 0.00012800000000000002
-0.00030900000000000003 0.00012800000000000002
-0.000312 0.000129
-0.000313 0.000129
-0.000319 0.00013
-0.000321 0.000132
-0.000322 0.00013
-0.00032599999999999996 0.000131
-0.00032599999999999996 0.000131
-0.000324 0.000131
-0.000329 0.000131
-0.00032800000000000006 0.000131
-0.00033099999999999997 0.000132
-0.000334 0.000133
-0.000335 0.000133
-0.00034 0.000134
-0.000342 0.000133
-0.00034500000000000004 0.000135
-0.00035000000000000005 0.000135
-0.00035200000000000005 0.000135
-0.00035299999999999996 0.000136
-0.000356 0.000136
-0.000356 0.000136
-0.00035700000000000006 0.000136
-0.000359 0.000137
-0.000362 0.000137
-0.000363 0.000138
-0.000371 0.000139
-0.000363 0.000138
-0.000369 0.000138
-0.000365 0.000138
-0.000368 0.000138
-0.000371 0.000138
-0.000368 0.000138
-0.000373 0.000138
-0.00037400000000000004 0.000139
-0.00037900000000000005 0.00014000000000000001
-0.000378 0.000141
-0.00038100000000000005 0.00014000000000000001
-0.00038899999999999997 0.00014000000000000001
-0.000388 0.000141
-0.000393 0.000141
-0.000393 0.000141
-0.00039600000000000003 0.000141
-0.000399 0.000141
-0.000399 0.000143
-0.0004 0.000143
-0.000402 0.000143
-0.000402 0.000143
-0.000402 0.000144
-0.000406 0.000144
-0.000409 0.000144
-0.00041200000000000004 0.000144
-0.00041300000000000006 0.000144
-0.00042 0.000146
-0.000424 0.000147
-0.000427 0.00014800000000000002
-0.000431 0.00014800000000000002
-0.000433 0.00014900000000000002
-0.00043999999999999996 0.00015
-0.00043900000000000005 0.00014900000000000002
-0.00044200000000000006 0.00014900000000000002
-0.000443 0.00014900000000000002
-0.000441 0.00015
-0.00044200000000000006 0.00014900000000000002
-0.000445 0.000151
-0.00044699999999999997 0.00015
-0.00044699999999999997 0.000151
-0.000448 0.000151
-0.000452 0.000152
-0.000453 0.000151
-0.000453 0.000151
-0.000451 0.000152
-0.000458 0.000153
-0.00046100000000000004 0.000152
-0.000457 0.000152
-0.00045900000000000004 0.000152
-0.000462 0.000152
-0.000465 0.000153
-0.00046300000000000003 0.000152
-0.00046699999999999997 0.000155
-0.000464 0.000155
-0.00046800000000000005 0.000155
-0.000473 0.000154
-0.000473 0.000155
-0.000472 0.000155
-0.000475 0.000155
-0.000479 0.000155
-0.000479 0.000157
-0.00048300000000000003 0.000156
-0.000487 0.000157
-0.000487 0.00015800000000000002
-0.000487 0.000157
-0.00049 0.000157
-0.000491 0.00015800000000000002
-0.000495 0.00015900000000000002
-0.000496 0.00015900000000000002
-0.000498 0.000161
-0.0005020000000000001 0.000161
-0.000506 0.000161
-0.000508 0.000161
-0.000508 0.000161
-0.0005149999999999999 0.000162
-0.0005149999999999999 0.000162
-0.000518 0.000162
-0.00052 0.00016299999999999998
-0.000522 0.000162
-0.000522 0.00016299999999999998
-0.000524 0.00016299999999999998
-0.000527 0.00016400000000000003
-0.000523 0.00016400000000000003
-0.000528 0.00016400000000000003
-0.000533 0.00016400000000000003
-0.0005340000000000001 0.000165
-0.000535 0.000166
-0.000537 0.000165
-0.00054 0.000167
-0.000543 0.000167
-0.000545 0.000166
-0.000546 0.000167
-0.000546 0.000168
-0.000547 0.000169
-0.000549 0.000167
-0.000553 0.000169
-0.000557 0.000169
-0.000552 0.000169
-0.000558 0.00017
-0.000564 0.00017
-0.000563 0.000171
-0.000568 0.000171
-0.000571 0.000172
-0.000571 0.000172
-0.000572 0.000172
-0.000575 0.000173
-0.000572 0.000173
-0.000576 0.000173
-0.000574 0.000174
-0.000582 0.000173
-0.000583 0.000174
-0.000585 0.00017500000000000003
-0.000584 0.00017500000000000003
-0.000588 0.000174
-0.00059 0.00017600000000000002
-0.000593 0.00017600000000000002
-0.000594 0.00017600000000000002
-0.0005949999999999999 0.00017600000000000002
-0.0005960000000000001 0.00017600000000000002
-0.000599 0.00017600000000000002
-0.000602 0.00017700000000000002
-0.000607 0.00017700000000000002
-0.000607 0.000179
-0.0006090000000000001 0.000179
-0.0006090000000000001 0.000179
-0.0006140000000000001 0.000179
-0.0006140000000000001 0.000179
-0.000619 0.000179
-0.000619 0.000181
-0.00062 0.000181
-0.00062 0.000182
-0.00062 0.000182
-0.000624 0.000181
-0.0006270000000000001 0.000182
-0.0006270000000000001 0.000182
-0.000628 0.000183
-0.00063 0.000183
-0.00063 0.000183
-0.000635 0.000183
-0.000634 0.000184
-0.0006360000000000001 0.000184
-0.0006360000000000001 0.000184
-0.00064 0.000186
-0.000644 0.000184
-0.0006510000000000001 0.000185
-0.0006450000000000001 0.000186
-0.0006490000000000001 0.00018700000000000002
-0.000648 0.00018700000000000002
-0.0006490000000000001 0.00018700000000000002
-0.0006569999999999999 0.000186
-0.000658 0.00018700000000000002
-0.000661 0.00018800000000000002
-0.000661 0.00018800000000000002
-0.000665 0.00018800000000000002
-0.000666 0.00018800000000000002
-0.000668 0.000189
-0.00067 0.000189
-0.000671 0.000189
-0.000671 0.00019
-0.000675 0.00019
-0.000678 0.00019099999999999998
-0.000677 0.00019099999999999998
-0.000681 0.00019199999999999998
-0.000683 0.00019199999999999998
-0.000686 0.00019300000000000003
-0.0006850000000000001 0.00019300000000000003
-0.000689 0.00019199999999999998
-0.0006900000000000001 0.00019300000000000003
-0.000692 0.000194
-0.0006940000000000001 0.00019300000000000003
-0.0006950000000000001 0.000195
-0.000693 0.000195
-0.0006950000000000001 0.000195
-0.0007000000000000001 0.000195
-0.0007030000000000001 0.000196
-0.0007059999999999999 0.000196
-0.0007090000000000001 0.00019800000000000002
-0.0007090000000000001 0.00019800000000000002
-0.000717 0.000199
-0.000717 0.000199
-0.000718 0.0002
-0.0007199999999999999 0.000199
-0.000723 0.0002
-0.000723 0.0002
-0.000725 0.0002
-0.000726 0.0002
-0.000726 0.000201
-0.000728 0.000201
-0.00073 0.000201
-0.000733 0.000201
-0.000733 0.000202
-0.000732 0.000202
-0.000735 0.000202
-0.000735 0.000202
-0.000737 0.000202
-0.00074 0.000203
-0.0007430000000000001 0.000202
-0.000745 0.000202
-0.000745 0.000203
-0.000745 0.000203
-0.00075 0.00020500000000000002
-0.000756 0.00020500000000000002
-0.000756 0.00020600000000000002
-0.000756 0.00020500000000000002
-0.0007610000000000001 0.00020600000000000002
-0.0007620000000000001 0.000208
-0.000759 0.000208
-0.0007639999999999999 0.00020600000000000002
-0.0007660000000000001 0.000207
-0.0007670000000000001 0.000208
-0.00077 0.000208
-0.000774 0.000208
-0.0007779999999999999 0.00021
-0.000785 0.000211
-0.000789 0.000213
-0.0007920000000000001 0.000213
-0.000798 0.000213
-0.000798 0.000214
-0.000795 0.000214
-0.000797 0.000214
-0.0008010000000000001 0.000215
-0.000803 0.000214
-0.000803 0.000214
-0.0008010000000000001 0.000215
-0.0008010000000000001 0.000215
-0.000802 0.000214
-0.000804 0.000214
-0.000804 0.000214
-0.000807 0.00021600000000000002
-0.000808 0.000215
-0.000807 0.00021600000000000002
-0.000807 0.00021600000000000002
-0.000808 0.00021600000000000002
-0.0008110000000000001 0.00021600000000000002
-0.000814 0.00021700000000000002
-0.0008150000000000001 0.00021600000000000002
-0.000817 0.00021700000000000002
-0.000817 0.00021700000000000002
-0.0008190000000000001 0.00021700000000000002
-0.0008219999999999999 0.000218
-0.0008250000000000001 0.00021700000000000002
-0.0008260000000000001 0.000219
-0.0008260000000000001 0.000219
-0.0008269999999999999 0.000219
-0.000828 0.000219
-0.0008309999999999999 0.000219
-0.000832 0.00021999999999999998
-0.000834 0.00021999999999999998
-0.0008359999999999999 0.00022100000000000003
-0.000838 0.00022100000000000003
-0.000842 0.000222
-0.000843 0.000222
-0.000845 0.000222
-0.000843 0.000222
-0.000847 0.000223
-0.000849 0.000223
-0.000851 0.000222
-0.000851 0.000223
-0.000854 0.000224
-0.000857 0.000225
-0.000858 0.000225
-0.00086 0.000225
-0.0008640000000000001 0.000225
-0.000866 0.000225
-0.0008690000000000001 0.00022700000000000002
-0.000871 0.000228
-0.0008740000000000001 0.000228
-0.000871 0.000228
-0.000876 0.000228
-0.0008780000000000001 0.000229
-0.0008780000000000001 0.00023
-0.000881 0.000229
-0.0008849999999999999 0.000231
-0.0008849999999999999 0.000231
-0.00089 0.00023
-0.000892 0.000231
-0.000893 0.000232
-0.000895 0.000231
-0.000896 0.00023300000000000003
-0.0009 0.00023300000000000003
-0.0009 0.000232
-0.000902 0.00023300000000000003
-0.000906 0.00023400000000000002
-0.000904 0.00023400000000000002
-0.000907 0.00023400000000000002
-0.000906 0.00023300000000000003
-0.0009080000000000001 0.00023400000000000002
-0.0009130000000000001 0.000235
-0.0009180000000000001 0.000236
-0.000929 0.000237
-0.0009270000000000001 0.000238
-0.000929 0.000238
-0.000929 0.000239
-0.00093 0.000238
-0.0009350000000000001 0.00024
-0.0009329999999999999 0.00024
-0.0009370000000000001 0.00024
-0.0009379999999999999 0.00024
-0.000939 0.00024
-0.00094 0.00024
-0.0009429999999999999 0.000241
-0.000944 0.000241
-0.0009420000000000001 0.000241
-0.000944 0.000241
-0.000947 0.000241
-0.000949 0.000241
-0.00095 0.000242
-0.000952 0.000243
-0.000951 0.000243
-0.000954 0.000243
-0.000955 0.000243
-0.000956 0.000243
-0.000957 0.00024400000000000002
-0.000959 0.00024400000000000002
-0.000959 0.00024400000000000002
-0.000962 0.000245
-0.000962 0.000245
-0.0009660000000000001 0.00024400000000000002
-0.000969 0.000246
-0.000969 0.000246
-0.000968 0.000246
-0.0009710000000000001 0.000246
-0.000974 0.000247
-0.0009760000000000001 0.000248
-0.000979 0.000248
-0.000981 0.000248
-0.000985 0.000249
-0.000987 0.000249
-0.00099 0.00025
-0.000992 0.00025
-0.000993 0.00025
-0.000995 0.00025100000000000003
-0.000993 0.000252
-0.000997 0.00025100000000000003
-0.001 0.000252
-0.0010040000000000001 0.000252
-0.001007 0.000253
-0.001006 0.000254
-0.0010090000000000001 0.00025499999999999996
-0.001012 0.00025499999999999996
-0.001012 0.00025499999999999996
-0.001015 0.00025499999999999996
-0.0010199999999999999 0.00025600000000000004
-0.001018 0.000257
-0.0010190000000000002 0.00025600000000000004
-0.0010199999999999999 0.00025600000000000004
-0.0010240000000000002 0.000258
-0.001027 0.000257
-0.0010299999999999999 0.000258
-0.001027 0.000258
-0.001028 0.000258
-0.001032 0.000259
-0.001035 0.000259
-0.001038 0.00026
-0.001042 0.00026
-0.001043 0.000261
-0.001043 0.000261
-0.001045 0.000261
-0.001049 0.000262
-0.001052 0.000263
-0.0010530000000000001 0.000263
-0.001055 0.000263
-0.001055 0.000263
-0.001057 0.000263
-0.00106 0.000263
-0.001059 0.000264
-0.001061 0.000264
-0.001061 0.000264
-0.001064 0.000265
-0.001067 0.000266
-0.0010680000000000002 0.000265
-0.00107 0.000265
-0.001072 0.000266
-0.001074 0.000266
-0.001077 0.00026700000000000004
-0.0010760000000000001 0.00026700000000000004
-0.00108 0.000268
-0.001084 0.000268
-0.001085 0.000268
-0.001087 0.00026900000000000003
-0.001085 0.00026900000000000003
-0.00109 0.00026900000000000003
-0.001092 0.00027
-0.001095 0.00027
-0.001097 0.000272
-0.001098 0.000272
-0.001099 0.000272
-0.001101 0.000272
-0.001104 0.000272
-0.0011070000000000001 0.000272
-0.001109 0.000274
-0.001109 0.000273
-0.001112 0.000275
-0.001114 0.000274
-0.001116 0.000275
-0.001119 0.000275
-0.001119 0.000275
-0.001122 0.000276
-0.001123 0.000277
-0.0011250000000000001 0.000277
-0.001128 0.000278
-0.001129 0.000278
-0.001132 0.000278
-0.001132 0.000279
-0.0011330000000000001 0.000278
-0.001134 0.000279
-0.001138 0.000279
-0.001137 0.000279
-0.001138 0.000281
-0.0011400000000000002 0.000281
-0.001145 0.000281
-0.0011459999999999999 0.000281
-0.001151 0.000281
-0.001154 0.000282
-0.001156 0.000283
-0.001154 0.000284
-0.001156 0.000284
-0.001158 0.000284
-0.00116 0.000284
-0.001161 0.000284
-0.001162 0.00028500000000000004
-0.001164 0.00028500000000000004
-0.001164 0.00028500000000000004
-0.001167 0.000286
-0.00117 0.000287
-0.001173 0.000287
-0.0011740000000000001 0.000287
-0.001175 0.000287
-0.0011790000000000001 0.000287
-0.00118 0.000289
-0.0011840000000000002 0.000289
-0.001186 0.00029
-0.0011870000000000001 0.000289
-0.0011890000000000002 0.000291
-0.0011949999999999999 0.00029
-0.001191 0.00029
-0.0011920000000000001 0.00029
-0.0011940000000000002 0.000291
-0.0011949999999999999 0.000292
-0.001197 0.000293
-0.001198 0.000292
-0.001203 0.000293
-0.001206 0.000293
-0.001208 0.000293
-0.00121 0.000294
-0.001211 0.00029600000000000004
-0.001213 0.00029600000000000004
-0.001217 0.00029600000000000004
-0.0012180000000000001 0.00029600000000000004
-0.001221 0.000297
-0.001221 0.00029600000000000004
-0.001224 0.00029600000000000004
-0.001226 0.00029800000000000003
-0.001226 0.00029800000000000003
-0.001229 0.00029800000000000003
-0.001231 0.00029800000000000003
-0.0012330000000000002 0.00029800000000000003
-0.0012330000000000002 0.00029800000000000003
-0.001235 0.000299
-0.001235 0.000299
-0.001239 0.000299
-0.001242 0.000301
-0.001242 0.000301
-0.0012460000000000001 0.000302
-0.001247 0.000303
-0.001248 0.000302
-0.001253 0.000302
-0.001252 0.000304
-0.001253 0.000303
-0.0012540000000000001 0.000304
-0.001256 0.000304
-0.001257 0.000304
-0.001261 0.000304
-0.001263 0.000305
-0.0012640000000000001 0.000305
-0.001268 0.000306
-0.001271 0.00030700000000000004
-0.0012720000000000001 0.00030700000000000004
-0.0012770000000000001 0.00030700000000000004
-0.0012770000000000001 0.000308
-0.001278 0.000308
-0.0012790000000000002 0.00030900000000000003
-0.0012790000000000002 0.00031
-0.001281 0.00031
-0.001284 0.00031
-0.0012870000000000002 0.00031
-0.0012939999999999998 0.00031
-0.001288 0.000311
-0.0012920000000000002 0.000313
-0.0012970000000000002 0.000313
-0.0013000000000000002 0.000313
-0.0013030000000000001 0.000313
-0.0013050000000000002 0.000314
-0.0013059999999999999 0.000315
-0.0013089999999999998 0.000315
-0.001313 0.000315
-0.001315 0.00031600000000000004
-0.001316 0.00031600000000000004
-0.0013189999999999999 0.00031600000000000004
-0.0013189999999999999 0.00031800000000000003
-0.001322 0.00031800000000000003
-0.001323 0.000317
-0.0013239999999999999 0.000317
-0.001325 0.00031800000000000003
-0.001325 0.00031800000000000003
-0.001326 0.000319
-0.001328 0.000319
-0.001328 0.000319
-0.00133 0.000319
-0.001334 0.000319
-0.001335 0.00032
-0.001337 0.000321
-0.001339 0.000322
-0.001343 0.000322
-0.001346 0.00032300000000000004
-0.00135 0.00032300000000000004
-0.00135 0.000324
-0.001351 0.000324
-0.001353 0.00032500000000000004
-0.001358 0.00032500000000000004
-0.001359 0.00032599999999999996
-0.00136 0.00032500000000000004
-0.001361 0.000327
-0.001362 0.000327
-0.001364 0.00032599999999999996
-0.0013650000000000001 0.00032800000000000006
-0.001367 0.00032800000000000006
-0.001366 0.00032800000000000006
-0.001372 0.00032800000000000006
-0.001372 0.000329
-0.001376 0.000329
-0.0013800000000000002 0.000329
-0.0013800000000000002 0.00033099999999999997
-0.001384 0.00033099999999999997
-0.001386 0.000332
-0.0013880000000000001 0.000332
-0.001389 0.000333
-0.0013900000000000002 0.000333
-0.001394 0.000334
-0.0013950000000000002 0.000334
-0.001396 0.000334
-0.001397 0.000334
-0.001399 0.000335
-0.001402 0.000336
-0.0014050000000000002 0.000336
-0.001409 0.000337
-0.001409 0.000337
-0.0014140000000000001 0.000338
-0.0014149999999999998 0.000339
-0.0014169999999999999 0.000338
-0.0014169999999999999 0.000339
-0.0014180000000000002 0.000339
-0.0014219999999999999 0.00034
-0.001424 0.00034
-0.0014249999999999998 0.00034
-0.001426 0.000341
-0.001429 0.000342
-0.001431 0.000342
-0.0014349999999999999 0.000342
-0.001434 0.000344
-0.001438 0.000343
-0.0014399999999999999 0.000343
-0.0014399999999999999 0.000344
-0.001443 0.00034500000000000004
-0.001446 0.00034500000000000004
-0.001446 0.00034500000000000004
-0.001448 0.000346
-0.001448 0.00034700000000000003
-0.001451 0.00034700000000000003
-0.001453 0.00034700000000000003
-0.001453 0.000348
-0.001455 0.000348
-0.001458 0.000348
-0.001459 0.000349
-0.001464 0.000349
-0.001465 0.00035000000000000005
-0.001466 0.000351
-0.001467 0.000351
-0.0014680000000000001 0.000351
-0.001476 0.00035299999999999996
-0.001477 0.00035200000000000005
-0.001476 0.00035299999999999996
-0.001477 0.00035400000000000004
-0.001477 0.00035299999999999996
-0.001479 0.00035400000000000004
-0.001483 0.00035400000000000004
-0.001483 0.000356
-0.001487 0.000356
-0.001488 0.000356
-0.001488 0.00035700000000000006
-0.001489 0.00035700000000000006
-0.001494 0.000358
-0.001495 0.000358
-0.001498 0.000358
-0.0015010000000000002 0.00035999999999999997
-0.0015 0.00035999999999999997
-0.001502 0.00035999999999999997
-0.001502 0.00035999999999999997
-0.001503 0.000362
-0.0015060000000000002 0.000361
-0.0015090000000000001 0.000362
-0.0015090000000000001 0.000363
-0.001513 0.000363
-0.001515 0.000364
-0.0015170000000000001 0.000364
-0.0015190000000000002 0.000364
-0.0015210000000000002 0.000366
-0.001523 0.000366
-0.001525 0.000366
-0.0015240000000000002 0.000366
-0.0015290000000000002 0.000366
-0.0015290000000000002 0.000366
-0.0015320000000000002 0.000368
-0.0015310000000000002 0.000368
-0.0015340000000000002 0.000369
-0.0015359999999999998 0.000369
-0.0015379999999999999 0.000369
-0.0015409999999999998 0.00037
-0.0015409999999999998 0.000371
-0.0015429999999999999 0.000372
-0.001545 0.000372
-0.001547 0.000372
-0.00155 0.000372
-0.00155 0.000373
-0.001553 0.00037400000000000004
-0.001555 0.000375
-0.001557 0.000375
-0.001562 0.000375
-0.001562 0.00037600000000000003
-0.001564 0.000377
-0.001565 0.000377
-0.001568 0.000377
-0.001565 0.000377
-0.001568 0.00037900000000000005
-0.001572 0.000378
-0.001573 0.00038
-0.001575 0.00038
-0.001575 0.00038
-0.00158 0.00038100000000000005
-0.00158 0.00038199999999999996
-0.001583 0.00038100000000000005
-0.001587 0.00038199999999999996
-0.001587 0.00038300000000000004
-0.00159 0.00038300000000000004
-0.001593 0.00038300000000000004
-0.001595 0.000385
-0.001595 0.000385
-0.001599 0.000385
-0.0016020000000000001 0.00038600000000000006
-0.0016020000000000001 0.000387
-0.0016070000000000001 0.000388
-0.001609 0.000388
-0.001609 0.000388
-0.0016120000000000002 0.00038899999999999997
-0.001613 0.00038899999999999997
-0.0016120000000000002 0.00039
-0.001618 0.00039
-0.001618 0.000391
-0.0016200000000000001 0.000391
-0.0016220000000000002 0.000392
-0.001624 0.000392
-0.001626 0.000393
-0.001629 0.000393
-0.0016300000000000002 0.000394
-0.001631 0.000395
-0.0016350000000000002 0.000395
-0.001636 0.000397
-0.0016380000000000001 0.00039600000000000003
-0.0016389999999999998 0.00039600000000000003
-0.0016420000000000002 0.00039600000000000003
-0.001646 0.000398
-0.001646 0.000398
-0.0016480000000000002 0.000399
-0.0016500000000000002 0.0004
-0.0016539999999999999 0.0004
-0.001656 0.000401
-0.001656 0.000401
-0.0016589999999999999 0.000402
-0.001658 0.00040300000000000004
-0.001661 0.000404
-0.001661 0.00040300000000000004
-0.001663 0.000404
-0.0016669999999999999 0.000404
-0.001669 0.00040500000000000003
-0.001671 0.000407
-0.001673 0.000406
-0.0016719999999999999 0.000407
-0.001675 0.000407
-0.001679 0.000409
-0.001682 0.00041000000000000005
-0.001683 0.00041000000000000005
-0.001684 0.00041000000000000005
-0.001688 0.00041000000000000005
-0.001689 0.00041200000000000004
-0.001691 0.00041200000000000004
-0.001694 0.00041300000000000006
-0.001693 0.00041300000000000006
-0.001692 0.000414
-0.001699 0.000415
-0.001697 0.000415
-0.001701 0.000415
-0.001701 0.000415
-0.001703 0.000417
-0.0017050000000000001 0.00041799999999999997
-0.001707 0.00041799999999999997
-0.001709 0.00041799999999999997
-0.001712 0.00041799999999999997
-0.0017150000000000002 0.000419
-0.0017150000000000002 0.00042
-0.001716 0.000421
-0.001721 0.000421
-0.001725 0.000422
-0.001726 0.000423
-0.0017280000000000002 0.000424
-0.0017310000000000001 0.000424
-0.0017330000000000002 0.000424
-0.0017360000000000001 0.000424
-0.001737 0.000426
-0.00174 0.000426
-0.001739 0.000427
-0.0017380000000000002 0.000427
-0.0017410000000000001 0.000427
-0.001742 0.000428
-0.001747 0.000428
-0.0017560000000000002 0.00043
-0.0017510000000000002 0.00043
-0.0017540000000000001 0.000431
-0.0017549999999999998 0.000431
-0.0017590000000000001 0.000433
-0.0017610000000000002 0.000433
-0.001764 0.000433
-0.0017630000000000002 0.00043400000000000003
-0.001767 0.000435
-0.0017680000000000003 0.000435
-0.001772 0.000436
-0.001772 0.000436
-0.001774 0.000436
-0.001776 0.00043700000000000005
-0.00178 0.000438
-0.00178 0.00043900000000000005
-0.001782 0.000438
-0.001785 0.00043999999999999996
-0.001786 0.00043999999999999996
-0.001789 0.000441
-0.001789 0.000441
-0.001792 0.00044200000000000006
-0.001794 0.000441
-0.001794 0.00044200000000000006
-0.001796 0.00044200000000000006
-0.001797 0.000444
-0.001798 0.000445
-0.001801 0.000445
-0.001804 0.000445
-0.001807 0.000446
-0.001808 0.000446
-0.001809 0.00044699999999999997
-0.00181 0.000448
-0.001812 0.000448
-0.0018160000000000001 0.000449
-0.001818 0.000449
-0.001819 0.00045
-0.001823 0.000451
-0.001827 0.000452
-0.0018260000000000001 0.000452
-0.001828 0.000453
-0.0018290000000000001 0.000453
-0.00183 0.00045400000000000003
-0.001833 0.00045400000000000003
-0.001833 0.000456
-0.0018340000000000001 0.000456
-0.0018390000000000001 0.000456
-0.00184 0.000457
-0.001842 0.000457
-0.0018440000000000002 0.000458
-0.0018470000000000001 0.00045900000000000004
-0.001848 0.00045900000000000004
-0.0018520000000000001 0.00045900000000000004
-0.001856 0.00046100000000000004
-0.001856 0.00046100000000000004
-0.001858 0.000462
-0.00186 0.00046300000000000003
-0.001863 0.00046300000000000003
-0.0018670000000000002 0.00046300000000000003
-0.0018679999999999999 0.000464
-0.0018679999999999999 0.000465
-0.0018690000000000002 0.00046600000000000005
-0.0018709999999999998 0.00046699999999999997
-0.001875 0.00046699999999999997
-0.001875 0.00046800000000000005
-0.0018759999999999998 0.00046800000000000005
-0.0018820000000000002 0.00046800000000000005
-0.001885 0.00046899999999999996
-0.0018859999999999999 0.00047
-0.001887 0.00047100000000000006
-0.00189 0.00047100000000000006
-0.0018890000000000003 0.00047100000000000006
-0.001893 0.000472
-0.001894 0.000473
-0.001898 0.000474
-0.001898 0.000473
-0.001902 0.000474
-0.001904 0.000474
-0.001906 0.000475
-0.001906 0.000477
-0.00191 0.000477
-0.0019089999999999999 0.000477
-0.001912 0.000478
-0.001914 0.000479
-0.001915 0.00048
-0.001917 0.00048
-0.00192 0.000481
-0.001922 0.000482
-0.001924 0.00048300000000000003
-0.001925 0.000482
-0.001929 0.00048300000000000003
-0.001931 0.000485
-0.0019320000000000001 0.000485
-0.001934 0.000485
-0.001939 0.000486
-0.00194 0.000486
-0.0019420000000000001 0.000487
-0.0019450000000000001 0.00048800000000000004
-0.001944 0.000489
-0.0019470000000000002 0.000489
-0.0019500000000000001 0.00049
-0.001953 0.00049
-0.001954 0.000491
-0.001957 0.000492
-0.001957 0.000492
-0.00196 0.000493
-0.001965 0.000494
-0.001963 0.000494
-0.001966 0.000495
-0.001966 0.000496
-0.001967 0.000496
-0.001972 0.000497
-0.001972 0.000497
-0.001975 0.000497
-0.001978 0.000499
-0.00198 0.0005
-0.001983 0.000501
-0.001987 0.000501
-0.001993 0.000501
-0.001994 0.0005020000000000001
-0.001996 0.000503
-0.001998 0.000503
-0.002001 0.000505
-0.002004 0.000504
-0.002004 0.000506
-0.002002 0.000506
-0.0020050000000000003 0.000506
-0.002006 0.0005070000000000001
-0.002009 0.000508
-0.0020080000000000002 0.0005070000000000001
-0.002013 0.000509
-0.0020150000000000003 0.000509
-0.0020180000000000003 0.000509
-0.002022 0.0005120000000000001
-0.002023 0.000511
-0.0020250000000000003 0.000511
-0.0020310000000000003 0.0005120000000000001
-0.0020310000000000003 0.0005120000000000001
-0.002035 0.000513
-0.0020380000000000003 0.000514
-0.0020380000000000003 0.000514
-0.002042 0.0005149999999999999
-0.002043 0.0005149999999999999
-0.002045 0.0005149999999999999
-0.0020480000000000003 0.000516
-0.002056 0.000516
-0.0020499999999999997 0.000517
-0.002052 0.000517
-0.002056 0.000516
-0.002057 0.000518
-0.002059 0.000518
-0.002062 0.000518
-0.002063 0.000519
-0.002065 0.00052
-0.002068 0.00052
-0.002071 0.000521
-0.002074 0.000521
-0.002076 0.000522
-0.002078 0.000523
-0.002083 0.000523
-0.002084 0.000524
-0.002085 0.000524
-0.002088 0.000524
-0.002091 0.000525
-0.002092 0.000526
-0.002092 0.000527
-0.002099 0.000527
-0.0021 0.000528
-0.002103 0.000528
-0.0021060000000000002 0.00053
-0.0021060000000000002 0.00053
-0.00211 0.00053
-0.002113 0.000531
-0.002115 0.000532
-0.002118 0.000532
-0.0021160000000000003 0.000533
-0.00212 0.0005340000000000001
-0.002124 0.000535
-0.002125 0.000535
-0.002128 0.000536
-0.002128 0.0005380000000000001
-0.002133 0.0005380000000000001
-0.002133 0.0005380000000000001
-0.002133 0.00054
-0.0021360000000000003 0.000541
-0.002137 0.00054
-0.0021420000000000002 0.000542
-0.002143 0.000542
-0.002145 0.000543
-0.002147 0.000544
-0.00215 0.000544
-0.00215 0.000546
-0.002153 0.000547
-0.0021550000000000002 0.000547
-0.0021560000000000004 0.000547
-0.00216 0.000547
-0.00216 0.000549
-0.002164 0.00055
-0.002164 0.00055
-0.0021690000000000004 0.0005510000000000001
-0.002172 0.000552
-0.002175 0.000552
-0.002177 0.000553
-0.002179 0.000553
-0.002183 0.000555
-0.002186 0.000555
-0.002191 0.000556
-0.002193 0.000556
-0.002196 0.000557
-0.002199 0.000558
-0.0022 0.000559
-0.0022 0.000559
-0.002203 0.000559
-0.002206 0.0005600000000000001
-0.002206 0.000561
-0.002211 0.000562
-0.00221 0.000562
-0.002213 0.000564
-0.0022170000000000002 0.0005650000000000001
-0.002219 0.0005650000000000001
-0.002221 0.0005650000000000001
-0.002225 0.000566
-0.0022270000000000002 0.000567
-0.0022270000000000002 0.000568
-0.002231 0.000568
-0.002229 0.0005700000000000001
-0.002233 0.0005700000000000001
-0.002236 0.000572
-0.002238 0.0005729999999999999
-0.002239 0.0005729999999999999
-0.002242 0.000574
-0.002243 0.000574
-0.002248 0.000576
-0.002249 0.000577
-0.002252 0.000579
-0.002255 0.000579
-0.002256 0.00058
-0.002259 0.000581
-0.002262 0.000582
-0.002265 0.000582
-0.0022670000000000004 0.000584
-0.0022670000000000004 0.000584
-0.002272 0.000586
-0.002274 0.000586
-0.0022789999999999998 0.0005870000000000001
-0.0022800000000000003 0.0005870000000000001
-0.0022819999999999997 0.00059
-0.0022819999999999997 0.000588
-0.002285 0.00059
-0.002287 0.000591
-0.0022919999999999998 0.000591
-0.002294 0.000593
-0.002297 0.000594
-0.002301 0.0005949999999999999
-0.002301 0.0005960000000000001
-0.002304 0.0005970000000000001
-0.002307 0.0005970000000000001
-0.002309 0.000598
-0.002309 0.000598
-0.002312 0.000599
-0.002317 0.0006
-0.00232 0.0006
-0.00232 0.000602
-0.002324 0.000603
-0.002328 0.000604
-0.00233 0.000605
-0.002332 0.000605
-0.0023350000000000003 0.000605
-0.00234 0.000606
-0.002341 0.000608
-0.002346 0.00061
-0.0023480000000000003 0.00061
-0.0023510000000000002 0.000611
-0.002354 0.000612
-0.002357 0.000613
-0.0023580000000000003 0.000613
-0.0023580000000000003 0.0006140000000000001
-0.0023580000000000003 0.000615
-0.0023580000000000003 0.000615
-0.002364 0.000615
-0.002366 0.000617
-0.002366 0.000617
-0.002369 0.0006180000000000001
-0.0023710000000000003 0.000619
-0.0023710000000000003 0.0006180000000000001
-0.0023740000000000002 0.00062
-0.0023810000000000003 0.000621
-0.002386 0.000622
-0.002387 0.0006230000000000001
-0.0023899999999999998 0.0006230000000000001
-0.002401 0.000625
-0.002396 0.000626
-0.002396 0.000626
-0.002399 0.000626
-0.002401 0.000626
-0.002404 0.000629
-0.002407 0.000629
-0.002408 0.00063
-0.002411 0.00063
-0.0024129999999999998 0.0006320000000000001
-0.002414 0.0006320000000000001
-0.002419 0.000633
-0.002421 0.000633
-0.002425 0.000635
-0.002426 0.000635
-0.002431 0.0006360000000000001
-0.002432 0.000638
-0.002434 0.000638
-0.0024360000000000002 0.000638
-0.002443 0.000639
-0.002444 0.00064
-0.002445 0.0006410000000000001
-0.00245 0.0006410000000000001
-0.002452 0.000642
-0.0024560000000000003 0.000643
-0.002458 0.000644
-0.00246 0.0006450000000000001
-0.002465 0.0006460000000000001
-0.002465 0.0006469999999999999
-0.0024690000000000003 0.000648
-0.0024720000000000002 0.0006490000000000001
-0.002473 0.0006490000000000001
-0.002474 0.0006500000000000001
-0.00248 0.0006519999999999999
-0.002481 0.0006529999999999999
-0.002484 0.000654
-0.002486 0.0006550000000000001
-0.0024920000000000003 0.0006560000000000001
-0.002494 0.0006569999999999999
-0.002497 0.000658
-0.0025 0.000659
-0.0025030000000000005 0.000661
-0.0025069999999999997 0.000661
-0.00251 0.000663
-0.002512 0.000665
-0.0025180000000000003 0.000667
-0.002522 0.000668
-0.0025269999999999997 0.000669
-0.002535 0.00067
-0.00254 0.000672
-0.0025440000000000003 0.000674
-0.00255 0.000675
-0.002552 0.000677
-0.0025540000000000003 0.000679
-0.0025580000000000004 0.00068
-0.00256 0.000681
-0.002562 0.000682
-0.002568 0.000684
-0.002576 0.000687
-0.002575 0.000687
-0.002581 0.000689
-0.002587 0.0006900000000000001
-0.0025940000000000004 0.000693
-0.0025979999999999996 0.0006940000000000001
-0.002605 0.000696
-0.0026079999999999996 0.0006990000000000001
-0.002613 0.0006990000000000001
-0.0026179999999999997 0.000702
-0.002621 0.0007030000000000001
-0.002623 0.0007049999999999999
-0.00263 0.0007080000000000001
-0.002632 0.0007109999999999999
-0.002633 0.0007140000000000001
-0.002637 0.000719
-0.00264 0.0007199999999999999
-0.002646 0.000722
-0.0026479999999999997 0.000723
-0.002653 0.000725
-0.002654 0.000725
-0.00266 0.000727
-0.0026650000000000003 0.000728
-0.002666 0.000728
-0.00267 0.000729
-0.002674 0.000731
-0.002678 0.000732
-0.002686 0.0007340000000000001
-0.00269 0.000735
-0.002693 0.000736
-0.0026989999999999996 0.000736
-0.0027010000000000003 0.000737
-0.0027050000000000004 0.000739
-0.0027089999999999996 0.00074
-0.002714 0.000741
-0.0027129999999999997 0.000741
-0.002718 0.0007430000000000001
-0.0027229999999999997 0.000744
-0.0027229999999999997 0.000745
-0.0027289999999999997 0.000746
-0.0027289999999999997 0.000747
-0.002736 0.000749
-0.002737 0.000749
-0.002741 0.0007520000000000001
-0.0027450000000000005 0.0007520000000000001
-0.002747 0.0007530000000000001
-0.002751 0.000754
-0.002753 0.000755
-0.002758 0.000756
-0.002763 0.0007580000000000001
-0.002767 0.0007580000000000001
-0.002772 0.00076
-0.002772 0.00076
-0.002777 0.0007630000000000001
-0.0027800000000000004 0.0007630000000000001
-0.002783 0.0007639999999999999
-0.002789 0.0007660000000000001
-0.0027900000000000004 0.0007660000000000001
-0.002793 0.0007660000000000001
-0.0027960000000000003 0.0007679999999999999
-0.002797 0.0007689999999999999
-0.002798 0.00077
-0.002804 0.000771
-0.002808 0.0007720000000000001
-0.0028100000000000004 0.0007720000000000001
-0.002813 0.000775
-0.002817 0.000776
-0.002819 0.000776
-0.002823 0.0007779999999999999
-0.0028260000000000004 0.0007779999999999999
-0.0028280000000000002 0.00078
-0.002831 0.000781
-0.002833 0.000782
-0.0028360000000000004 0.000784
-0.0028399999999999996 0.000784
-0.0028439999999999997 0.000786
-0.002847 0.000787
-0.0028499999999999997 0.000787
-0.002853 0.00079
-0.002857 0.00079
-0.002857 0.000791
-0.0028610000000000003 0.000793
-0.002867 0.000793
-0.0028710000000000003 0.000795
-0.002872 0.000797
-0.002876 0.000798
-0.002878 0.000798
-0.002892 0.0008
-0.0028870000000000002 0.0008010000000000001
-0.0028910000000000003 0.000803
-0.002894 0.000804
-0.0028970000000000003 0.000805
-0.002902 0.000807
-0.002903 0.000807
-0.002906 0.000809
-0.002908 0.0008100000000000001
-0.00291 0.000812
-0.002912 0.000813
-0.002916 0.000814
-0.0029210000000000004 0.0008160000000000001
-0.002924 0.0008160000000000001
-0.0029270000000000003 0.000818
-0.002929 0.0008190000000000001
-0.0029330000000000003 0.0008210000000000001
-0.0029370000000000004 0.0008219999999999999
-0.0029409999999999996 0.000823
-0.0029430000000000003 0.0008250000000000001
-0.0029470000000000004 0.0008250000000000001
-0.0029509999999999996 0.0008269999999999999
-0.002952 0.000829
-0.0029570000000000004 0.00083
-0.00296 0.0008309999999999999
-0.0029630000000000004 0.000832
-0.0029649999999999998 0.000834
-0.002968 0.000834
-0.0029709999999999997 0.000835
-0.002973 0.0008359999999999999
-0.002978 0.000838
-0.002983 0.000839
-0.002986 0.000842
-0.0029920000000000003 0.000842
-0.002996 0.000843
-0.002997 0.000845
-0.0030020000000000003 0.000846
-0.0030080000000000003 0.000848
-0.003011 0.0008500000000000001
-0.003015 0.000851
-0.00302 0.000853
-0.003023 0.000854
-0.003026 0.0008550000000000001
-0.0030280000000000003 0.000857
-0.003033 0.000858
-0.0030340000000000002 0.00086
-0.003036 0.000861
-0.00304 0.000862
-0.003045 0.000863
-0.003046 0.0008640000000000001
-0.00305 0.000866
-0.0030520000000000005 0.000867
-0.0030520000000000005 0.000867
-0.003055 0.0008680000000000001
-0.0030600000000000002 0.0008690000000000001
-0.003061 0.00087
-0.0030640000000000003 0.000871
-0.003065 0.000872
-0.00307 0.0008730000000000001
-0.003071 0.0008730000000000001
-0.0030740000000000003 0.0008749999999999999
-0.003079 0.000876
-0.00308 0.0008770000000000001
-0.003084 0.0008790000000000001
-0.003089 0.0008799999999999999
-0.0030930000000000003 0.000881
-0.003095 0.0008830000000000001
-0.003097 0.0008840000000000001
-0.0031019999999999997 0.000886
-0.0031019999999999997 0.000889
-0.0031090000000000002 0.000889
-0.0031130000000000003 0.000891
-0.003115 0.000893
-0.003118 0.000895
-0.003121 0.000896
-0.003124 0.000898
-0.003128 0.0009
-0.003131 0.000902
-0.003134 0.000904
-0.003138 0.000906
-0.0031390000000000003 0.0009080000000000001
-0.003142 0.0009080000000000001
-0.003147 0.000911
-0.0031530000000000004 0.0009130000000000001
-0.003156 0.000914
-0.00316 0.0009170000000000001
-0.003162 0.0009180000000000001
-0.0031669999999999997 0.00092
-0.0031690000000000004 0.0009220000000000001
-0.003174 0.000924
-0.0031750000000000003 0.000925
-0.0031780000000000003 0.0009270000000000001
-0.003181 0.000929
-0.0031850000000000003 0.00093
-0.0031869999999999997 0.0009329999999999999
-0.003192 0.0009339999999999999
-0.0031969999999999998 0.0009360000000000001
-0.0031990000000000005 0.0009379999999999999
-0.0032040000000000003 0.000939
-0.003206 0.0009420000000000001
-0.003211 0.000945
-0.003215 0.000946
-0.003218 0.000949
-0.0032229999999999997 0.000951
-0.003225 0.000953
-0.0032300000000000002 0.000956
-0.003235 0.000958
-0.003239 0.000962
-0.003242 0.000963
-0.003249 0.000965
-0.003252 0.000968
-0.003256 0.000972
-0.003258 0.000974
-0.0032600000000000003 0.0009760000000000001
-0.0032660000000000002 0.000977
-0.003271 0.00098
-0.003275 0.000983
-0.0032779999999999997 0.000985
-0.003285 0.000988
-0.003292 0.000991
-0.0032960000000000003 0.000993
-0.0033000000000000004 0.000995
-0.003301 0.000998
-0.003307 0.001
-0.0033090000000000003 0.001003
-0.003311 0.0010040000000000001
-0.0033150000000000002 0.001007
-0.00332 0.00101
-0.0033250000000000003 0.001012
-0.003332 0.001015
-0.003336 0.0010170000000000001
-0.0033410000000000002 0.0010190000000000002
-0.0033450000000000003 0.001022
-0.003347 0.0010240000000000002
-0.003368 0.001035
-0.0033850000000000004 0.001038
-0.003392 0.001043
-0.0034000000000000002 0.001047
-0.003404 0.00105
-0.0034089999999999997 0.0010530000000000001
-0.0034110000000000004 0.001056
-0.003414 0.0010580000000000001
-0.0034200000000000003 0.001062
-0.003424 0.0010630000000000001
-0.003424 0.001066
-0.0034350000000000006 0.0010680000000000002
-0.003431 0.00107
-0.0034350000000000006 0.0010730000000000002
-0.00344 0.001075
-0.0034449999999999997 0.0010789999999999999
-0.003448 0.0010789999999999999
-0.003451 0.001082
-0.003453 0.001085
-0.003458 0.001086
-0.0034620000000000002 0.001088
-0.0034649999999999998 0.001091
-0.003467 0.001093
-0.0034720000000000003 0.001094
-0.0034760000000000004 0.001095
-0.00348 0.001099
-0.003485 0.0011
-0.0034920000000000003 0.001103
-0.003494 0.001104
-0.0034980000000000002 0.0011070000000000001
-0.003503 0.001108
-0.003505 0.001111
-0.0035110000000000002 0.001112
-0.0035160000000000005 0.001114
-0.0035199999999999997 0.001117
-0.003525 0.001119
-0.003527 0.001122
-0.0035320000000000004 0.001124
-0.003538 0.001126
-0.003543 0.001128
-0.003549 0.001132
-0.003552 0.001134
-0.003556 0.001136
-0.003562 0.001138
-0.003563 0.0011409999999999999
-0.003569 0.001143
-0.0035759999999999998 0.001145
-0.00358 0.001149
-0.003585 0.001152
-0.003589 0.001155
-0.0035930000000000003 0.001157
-0.003599 0.001161
-0.003606 0.001164
-0.0036109999999999996 0.001167
-0.003615 0.001171
-0.0036209999999999997 0.001173
-0.003628 0.001177
-0.0036330000000000004 0.001181
-0.00364 0.0011840000000000002
-0.003646 0.0011899999999999999
-0.003656 0.0011940000000000002
-0.003659 0.0011990000000000002
-0.0036609999999999998 0.001204
-0.003687 0.001208
-0.003683 0.001213
-0.003691 0.0012180000000000001
-0.0036980000000000003 0.001222
-0.003702 0.001227
-0.003713 0.0012330000000000002
-0.003721 0.001238
-0.003727 0.001243
-0.003735 0.001249
-0.003741 0.001255
-0.0037480000000000005 0.00126
-0.003756 0.001266
-0.0037640000000000004 0.0012720000000000001
-0.0037730000000000003 0.0012790000000000002
-0.003781 0.0012870000000000002
-0.003791 0.001293
-0.0038 0.0013009999999999999
-0.003808 0.001308
-0.0038179999999999998 0.001315
-0.003824 0.001323
-0.003834 0.001332
-0.00384 0.001341
-0.00385 0.001352
-0.00386 0.001363
-0.003872 0.001377
-0.003881 0.001389
-0.0038940000000000003 0.001407
-0.0039040000000000004 0.0014219999999999999
-0.003916 0.0014399999999999999
-0.003928 0.001457
-0.003939 0.001474
-0.003952 0.0014910000000000001
-0.0039629999999999995 0.0015090000000000001
-0.003972 0.0015320000000000002
-0.003986 0.001552
-0.004 0.001573
-0.0040160000000000005 0.001598
-0.004031 0.0016250000000000001
-0.004048 0.001656
-0.004063 0.001689
-0.004078 0.001722
-0.004096000000000001 0.0017649999999999999
-0.004114 0.0018110000000000001
-0.004132 0.0018590000000000002
-0.004151 0.001915
-0.004168 0.00198
-0.0041930000000000005 0.0020499999999999997
-0.004222 0.002133
-0.004249 0.0022370000000000003
-0.004289 0.002364
-0.0043430000000000005 0.002505
-0.004384 0.0026490000000000003
-0.004416 0.002789
-0.0045260000000000005 0.003015
-0.004631000000000001 0.003253
-0.004723 0.003513
-0.00481 0.0038190000000000003
-0.004954 0.004227000000000001