1.e5  0.3  0.0  4.0 -1. -1. 0.
8 1
0. 0. 0.
1. 0. 0.
1. 1. 0.
0. 1. 0.
0. 0. 1.
1. 0. 1.
1. 1. 1.
0. 1. 1.
8 1 0 1 2 3 4 5 6 7
7 1 0 1 3 4
7 1 2 3 1 6
7 1 1 6 3 4
7 1 3 4 6 7
7 1 1 6 4 5//5 tetraedros formando um cubo
6 1 0 1 3 4 5 7
6 1 3 1 2 7 5 6//2 prismas
.5 .5 .5//nó adicional ao cubo unitario
5 3 0 1 2 3 8
5 3 0 4 5 1 8
5 3 1 5 6 2 8
5 3 3 2 6 7 8
5 3 0 3 7 4 8
5 3 4 7 6 5 8//6 piramides formando um cubo
//E, v, u, lambda, e (a,b,c de W)
1.e5  0.3  1402.0  400.0 -1. -1. -1.//mattype = 1 : U = (sqrt(2)-1)*(x,y,z)
1.e5  0.3  0.0  4.0 -1. -1. 0.//mattype = 2 : U = (y*y/2,0,0)
1.e5  0.3  1.0  -2.0 -1. -1. -1.//mattype = 3 : U = (x*x/2,0,0)
1.e5  0.3  1.5  4.0 -1. -1. -1.//mattype = 4 : U = U(x,y,z,teta)
8 3 0 1 2 3 4 5 6 7
TESTES COMPLETOS
################################################################################

3 3
-1. 0. 0.
1. 0. 0.
0. 2. 0.
3 1 0 1 2
3 1 2 0 1
3 1 0 2 1//três triangulos : ordem 4

11  8
0. -1. 0.
1. -1. 0.
0.  0. 0.
1.  0. 0.
2.  0. 0.
0.  1. 0.
1.  1. 0.
0.  0. 1.
1.  0. 1.
0.  1. 1.
1.  1. 1.
6 1 0 2 7 1 3 8
7 1 1 4 3 8
5 1 3 6 10 8 4
8 1 2 3 6 5 7 8 10 9
4 1 3 6 10 8
4 1 2 3 6 5
3 1 1 4 3
3 1 0 7 2
//1 prisma, 1 tetraedro, 1 piramide, 1 cubo : teste de continuidade e restriçÕes
//ordem 4

8 19
 0. -4.  0.
 2. -4.  0.
 2.  0.  0.
 0.  0.  0.
 0. -2.  1.
 1. -2.  1.
 1.  0.  1.
 0.  0.  1.
8 1 0 1 2 3 4 5 6 7
4 2 0 3 2 1
4 2 0 4 5 1
4 2 1 5 6 2
4 2 2 3 7 6
4 2 0 3 7 4
4 2 4 7 6 5
2 3 0 1
2 3 1 2
2 3 2 3
2 3 3 0
2 3 4 0
2 3 5 1
2 3 6 2
2 3 7 3
2 3 4 7
2 3 7 6
2 3 6 5
2 3 4 5//teste de restricoes ordem 4



6   15
 0. -2.   0
 0.  2.   0.
 0.  0.   2.
 2. -1.   0.
 3.  1.   0.5
 2.  0.5  1.
6 1 0 1 2 3 4 5
3 2 0 1 2
4 3 0 1 4 3
4 3 1 4 5 2
4 3 0 2 5 3
3 2 3 5 4
2 4 1 0
2 4 2 1
2 4 2 0
2 4 3 0
2 4 4 1
2 4 5 2
2 4 3 4
2 4 5 4
2 4 3 5//teste de restricoes ordem 4

4 11
0. 0. 0.
0. 0. 1.
1. 0. 0.
0. 1. 0.
7 1 0 1 2 3
3 2 0 1 2
3 2 0 3 1
3 2 1 3 2
3 2 0 2 3
2 3 0 1
2 3 2 1
2 3 2 0
2 3 0 3
2 3 3 1
2 3 3 2
//teste de restricoes ordem 4



5 14
0. 0. 0.
1. 0. 0.
1. 1. 0.
0. 1. 0.
0. 0. 1.
5 1 3 0 1 2 4
4 2 1 2 3 0
3 3 0 3 4
3 3 0 1 4
3 3 2 1 4
3 3 2 3 4
2 4 1 0
2 4 1 2
2 4 2 3
2 4 3 0
2 4 4 3
2 4 2 4
2 4 1 4
2 4 0 4//teste ordem 4 : restricoes
-1. -1. 0.
1. -1. 0.
1. 1. 0.
-1. 1. 0.
//piramide , triangulo, quadrilatero, linear

4 2
0. 0. 0.
1. 0. 0.
1. 1. 0.
0. 1. 0.
4 1 0 1 2 3
4 1 1 2 3 0//dois quadrilateros superpostos
           //ordem 4
8 1
-1. -1. -1.
 1. -1. -1.
 1.  1. -1.
-1.  1. -1.
-1. -1.  1.
 1. -1.  1.
 1.  1.  1.
-1   1.  1.
8 1 0 1 2 3 4 5 6 7
//cubo padrao : ordem 4

6  1
0. 0. -1
1. 0. -1.
0. 1. -1.
0. 0. 1.
1. 0. 1.
0. 1. 1.
6 1 0 1 2 3 4 5
//prisma padrão : ordem 4


5 1
-1. -1. 0.
 1. -1. 0.
 1.  1. 0.
-1.  1. 0.
 0.  0. 1.
5 1 0 1 2 3 4
3 1 1 2 4
//piramide padrao : ordem 4


4 1
0. 0. 0.
1. 0. 0.
0. 1. 0.
0. 0. 1.
7 1 0 1 2 3
//tetraedro padrão : ordem 4












4 1
0. 0. 0.
1. 0. 0.
1. 1. 0.
0. 1. 0.
4 1 0 1 2 3
//teste com divisao e ordem 7 : OK!




6   1
 0. -2.   0
 0.  2.   0.
 0.  0.   2.
 2. -1.   0.
 3.  1.   0.5
 2.  0.5  1.
6 1 0 1 2 3 4 5
//prisma deformado

6   1
0. -2.  0.
0.  2.  0.
-1. 0.  3.
2. -1.  0.
2.  1. -0.5
5. 0.5  2.
6 1 0 1 2 3 4 5
//prisma deformado : faces triang's nao paralelas












6   1
 0. -2.   0
 0.  2.   0.
-1.  0.   3.
 2. -1.   0.
 2.  1.  -0.5
 3.  0.5  2.
6 1 0 1 2 3 4 5
//prisma deformado : BOM, corrige nó 5


6   1
0. -2.  0
0.  2.  0.
0.  0.  2.
2. -1.  0.
2.1  1.  0.5
1.9 0.5  1.
6 1 0 1 2 3 4 5
//prisma deformado : faces triang's nao paralelas




5 1
-1. -1. 0.
 1.  0. 0.
 2.  2. 0.
 0.  1. 0.
 0.  0. 1.
5 1 0 1 2 3 4
//pirâmide deformada: arestas da face quadrilateral paralelas

5 1
-1. -1. 0.
 3. -2. 0.
 3.  4. 0.
-1.  3. 0.
 0.  0. 5.
5 1 0 1 2 3 4
//pirâmide deformada corrigida : exemplo BOM
//existem duas arestas paralelas na face quadrilateral

4 1
0. 0. 0.
1. 1. -1.
-1. 1. 1.
0. -2. 1.
7 1 0 1 2 3
//tetraedro deformado


6   1
0. -2.  0
0.  2.  0.
0.  0.  2.
2. -1.  0.
2.  1.  0.5
2. 0.5  1.
6 1 0 1 2 3 4 5
//prisma deformado : faces triang's paralelas
//mais diferentes

5 1
  0.   0.  0.
  1.   0.  0.
  1.   1.  0.
  0.   1.  0.
 -2.  -2.  1.
5 1 0 1 2 3 4
//pirâmide deformada

5 1
  0.   0.  0.
  1.   0.  0.
  1.   1.  0.
  0.   1.  0.
-0.5  -0.5 1.
5 1 0 1 2 3 4
//pirâmide deformada


6   1
 0. -2.   0
 0.  2.   0.
-1.  0.   3.
 2. -1.   0.
 1.  1.  -0.5
 3.  0.5  2.
6 1 0 1 2 3 4 5
//prisma deformado : BOM


4 1
0. -2. 0.
3. 0. 0.
-1. 1. -1.
0. 0. 2.
7 1 0 1 2 3
//tetraedro deformado


5 1
-1. -1. 0.
 3. -2. 0.
 3.  4. 0.
-2.  3. 0.
 0.  0. 5.
5 1 0 1 2 3 4
//pirâmide deformada : exemplo BOM


5 1
-1. -1. 0.
 1. -1. 0.
 1.  1. 0.
-1.  1. 0.
 0.  0. 1.
5 1 0 1 2 3 4
//pirâmide padrao

4 1
0. 0. 0.
1. 0. 0.
0. 2. 0.
0. 0. 3.
7 1 0 1 2 3
//tetraedro deformado


4 1
0. 0. 0.
1. 0. 0.
0. 1. 0.
0. 0. 1.
7 1 0 1 2 3
//tetraedro padrão


6   1
0.  0.  0
0.  0.  2.
0. -2.  0.
2.  0.  0.
2.  0.  1.
2. -1.  0.
6 1 0 1 2 3 4 5
//prisma deformado

6  1
0. 0. -1
1. 0. -1.
0. 1. -1.
0. 0. 1.
1. 0. 1.
0. 1. 1.
6 1 0 1 2 3 4 5
//prisma deformado


8 1
 0. -4.  0.
 2. -4.  0.
 2.  0.  0.
 0.  0.  0.
 0. -2.  1.
 1. -2.  1.
 1.  0.  1.
 0.  0.  1.
8 3 0 1 2 3 4 5 6 7
//cubo deformado : angulos distintos aumentam
//quando aumenta o nivel da malha



8 1
 0. -1.  0.
 1. -1.  0.
 1.  0.  0.
 0.  0.  0.
-1.  0.  1.
 0.  0.  1.
 0.  1.  1.
-1.  1.  1.
8 3 0 1 2 3 4 5 6 7
//cubo deformado : 3 angulos distintos

8 1
 0. -1.  0.
 1. -1.  0.
 1.  0.  0.
 0.  0.  0.
 0.  0.  1.
 1.  0.  1.
 1.  1.  1.
 0.  1.  1.
8 3 0 1 2 3 4 5 6 7
//cubo deformado : 3 angulos distintos
??????????????????????????????????????????

8 1
-1. -2. 0.
-1. 0. 0.
1. 2. 0.
1. 0. 0.
-1. -2. 1.
-1. 0. 1.
1. 2. 1.
1. 0. 1.
8 1 0 1 2 3 4 5 6 7//cubo: X = (y,x+y,(z+1)/2)


6 1
0. 1. 0.
0. 2. 0.
0. 1. 3.
2. 1. 0.
2. 2. 0.
2. 1. 3.
6 1 0 1 2 3 4 5
//prisma X  = (z+1,x+1,3y)


5 1
0. -2. 1.
0.  2. 1.
2.  2. 1.
2. -2. 1.
1.  0. 2.
5 1 0 1 2 3 4//piramide: X  = (y+1,2x,z+1)

4 1
0. 0. 0.
0. 0. 1.
1. 0. 0.
0. 1. 0.
7 1 0 1 2 3
//tetraedro deformado: X = (y,z,x)


4 1
0. 0. 0.
1. 0. 0.
0. 0. 1.
0. -1. 0.
7 1 0 1 2 3
//com inversa (x,z,-y) teste 2
////////////////////////////////////////////////////////////////////////////////
8 1
-1. -1. -1.
 1. -1. -1.
 1.  1. -1.
-1.  1. -1.
-1. -1.  1.
 1. -1.  1.
 1.  1.  1.
-1   1.  1.
8 1 0 1 2 3 4 5 6 7
//cubo padrao
6  1
0. 0. -1
1. 0. -1.
0. 1. -1.
0. 0. 1.
1. 0. 1.
0. 1. 1.
6 1 0 1 2 3 4 5
//prisma padrão
5 1
-1. -1. 0.
 1. -1. 0.
 1.  1. 0.
-1.  1. 0.
 0.  0. 1.
5 1 0 1 2 3 4
//pirâmide padrao
4 1
0. 0. 0.
1. 0. 0.
0. 1. 0.
0. 0. 1.
7 1 0 1 2 3
//tetraedro padrão
////////////////////////////////////////////////////////////////////////////////







5 14
0. 0. 0.
1. 0. 0.
1. 1. 0.
0. 1. 0.
0. 0. 1.
5 1 3 0 1 2 4
4 2 1 2 3 0
3 3 0 3 4
3 3 0 1 4
3 3 2 1 4
3 3 2 3 4
2 4 1 0
2 4 1 2
2 4 2 3
2 4 3 0
2 4 4 3
2 4 2 4
2 4 1 4
2 4 0 4//bom
-1. -1. 0.
1. -1. 0.
1. 1. 0.
-1. 1. 0.
//piramide , triangulo, quadrilatero, linear



4 3
0. 0. 0.
1. 0. 0.
1. 1. 0.
0. 1. 0.
4 1 0 1 2 3
4 1 1 2 3 0
4 1 3 2 1 0

4 1 0 3 2 1
4 1 3 0 1 2
4 1 2 3 0 1
4 1 1 2 3 0
4 1 0 1 2 3
//quadrilateros superpostos



6 6
0. 0. 0.
1. 0. 0.
0. 1. 0.
0. 0. 1.
1. 0. 1.
0. 1. 1.
6 1 0 1 2 3 4 5
3 2 0 1 2
4 3 1 2 5 4
4 3 0 2 5 3
4 3 0 1 4 3
3 2 3 4 5//prisma e faces


4 5
0. 0. 0.
1. 0. 0.
0. 1. 0.
0. 0. 1.
7 1 0 1 2 3
3 2 0 1 2
3 2 1 3 0
3 2 3 2 1
3 2 2 0 3
//tetraedro e triangulos


11  4
0. -1. 0.
1. -1. 0.
0.  0. 0.
1.  0. 0.
2.  0. 0.
0.  1. 0.
1.  1. 0.
0.  0. 1.
1.  0. 1.
0.  1. 1.
1.  1. 1.
6 1 0 2 7 1 3 8
7 1 1 4 3 8
5 1 3 6 10 8 4
8 1 2 3 6 5 7 8 10 9
//1 prisma, 1 tetraedro, 1 piramide, 1 cubo : teste de continuidade




7  2
0. -1. 0.
0.  0. 0.
0.  0. 1.
1. -1. 0.
1.  0. 0.
1.  0. 1.
2.  0. 0.
6 1 0 1 2 3 4 5
7 1 3 6 4 5//prisma e tetraedro


8 7
0. 0. 0.
1. 0. 0.
1. 1. 0.
0. 1. 0.
0. 0. 1.
1. 0. 1.
1. 1. 1.
0. 1. 1.
8 1 0 1 2 3 4 5 6 7
4 2 0 1 2 3
4 2 0 1 5 4
4 2 1 2 6 5
4 2 3 2 6 7
4 2 0 3 7 4
4 2 4 5 6 7//cubo e faces
4 2 6 7 4 5
4 2 4 5 1 0
4 2 6 7 4 5
4 2 4 5 1 0
4 2 6 7 4 5
4 2 4 5 1 0
2 3 4 5
2 3 5 4
2 3 5 6
2 3 5 1
8 1 1 2 3 0 5 6 7 4
8 1 5 6 2 1 4 7 3 0
4 2 1 0 3 2
4 2 0 1 5 4
4 2 2 6 5 1
4 2 3 2 6 7
4 2 7 3 0 4
4 2 4 5 6 7
8 1 0 1 2 3 4 5 6 7







4 1
-1. -1. 0.
1. 0. 0.
0. 1. 0.
0. 0. 2.
7 1 3 0 2 1



10 8
0. 0. 0.
1. 0. 0.
2. 0. 0.
2. 1. 0.
1. 1. 0.
0. 1. 0.
0. 0. 1.
1. 0. 1.
1. 1. 1.
0. 1. 1.
8 1 0 5 9 6 1 4 8 7
5 2 4 8 7 1 2
7 3 2 3 4 8
4 4 7 1 4 8
3 5 8 4 2
2 6 4 1
2 6 8 4
2 6 4 2
//bom : ordem 4, nivel 2, cubo, piramide,
//tetraedro, quadrilatero, triangulo e linear
8 1 0 1 4 5 6 7 8 9
5 2 1 4 8 7 2
7 3 2 4 8 3
4 4 1 4 8 7
3 5 2 4 8
2 6 4 1
2 6 4 8
2 6 2 4
//BOM


8 2
0. 0. 0.
1. 0. 0.
1. 1. 0.
0. 1. 0.
0. 0. 1.
1. 0. 1.
1. 1. 1.
0. 1. 1.
6 1 0 1 3 4 5 7
6 1 3 1 2 7 5 6//prismas




8 1
0. 0. 0.
1. 0. 0.
1. 1. 0.
0. 1. 0.
0. 0. 1.
1. 0. 1.
1. 1. 1.
0. 1. 1.
8 3 0 1 2 3 4 5 6 7
//testes geometricos e computacionais : continue.c

1.e5  0.3  1.0  -2.0 -1. -1. -1.
9 6
0. 0. 0.
1. 0. 0.
1. 1. 0.
0. 1. 0.
0. 0. 1.
1. 0. 1.
1. 1. 1.
0. 1. 1.
.5 .5 .5
5 3 0 1 2 3 8
5 3 0 4 5 1 8
5 3 1 5 6 2 8
5 3 3 2 6 7 8
5 3 0 3 7 4 8
5 3 4 7 6 5 8//piramides
1.e5  0.3  1.e3  1.e6 0. 0. -1.

1.e5  0.3  1.0  -2.0 -1. -1. -1.
12 4
0. 0. 0.
1. 0. 0.
1. 1. 0.
0. 1. 0.
0. 0. .5
1. 0. .5
1. 1. .5
0. 1. .5
0. 0. 1.
1. 0. 1.
1. 1. 1.
0. 1. 1.
6 3 0 1 3 4 5 7
6 3 2 3 1 6 7 5
6 3 4 5 7 8 9 11
6 3 6 7 5 10 11 9
//prismas

1.e5  0.3  1.0  -2.0 -1. -1. -1.
8 1
0. 0. 0.
1. 0. 0.
1. 1. 0.
0. 1. 0.
0. 0. 1.
1. 0. 1.
1. 1. 1.
0. 1. 1.
8 3 0 1 2 3 4 5 6 7
7 3 0 1 3 4
7 3 2 3 1 6
7 3 1 6 3 4
7 3 3 4 6 7
7 3 1 6 4 5//5 tetraedros
//E, v, u, lambda, e (a,b,c de W)
1.e5  0.3  1402.0  400.0 -1. -1. -1.//mattype = 1
1.e5  0.3  0.0  4.0 -1. -1. 0.//mattype = 2
1.e5  0.3  1.0  -2.0 -1. -1. -1.//mattype = 3
1.e5  0.3  1.5  4.0 -1. -1. -1.//mattype = 4
8 3 0 1 2 3 4 5 6 7








1.e5  0.3  1.e3  1.e6 -1. -1. -1.
12 2
0. 0. 0.
1. 0. 0.
1. 1. 0.
0. 1. 0.
0.  0. .5
.5  0. .5
.5 .5  .5
0. .5  .5
0. 0. 1.
1. 0. 1.
1. 1. 1.
0. 1. 1.
8 3 0 1 2 3 4 5 6 7
8 3 4 5 6 7 8 9 10 11



5 3 0 1 2 3 6
5 3 0 4 5 1 6
5 3 0 3 7 4 6//pirâmides

1.e5  0.3  1.e3  1.e6
6 1
0. 0. 0.
1. 0. 0.
0. 1. 0.
0. 0. 1.
1. 0. 1.
0. 1. 1.
6 3 0 1 2 3 4 5//para testes de restricoes
               //1 prisma

////////////////////////////////////////////////////////////////////////////////
1.e4  0.45  1.e3  1.e3//cubo



3 1
1. 0. 0.
1. 1. 0.
0. 0. 1.
3 2 0 1 2
//malha com eixos associados


3 1
0. -0.7071067811865  0.
1. -0.7071067811865  0.
0.  0.7071067811865  0.
3 2 0 1 2









6 2
1. 0. 0.
1. 1. 0.
0. 1. 1.
0. 0. 1.
1. 2. 0.
0. 2. 1.
4 2 0 1 2 3
4 2 1 4 5 2 //assim da certo
4 2 2 1 4 5
//nao da certo com orientacoes diferentes


4 1
1. 0. 0.
1. 1. 0.
0. 1. 1.
0. 0. 1.
4 2 0 1 2 3
//teste 1 quadrilatero











6 2
1. 0. 0.
.5 .5 0.
0. .5 .5
0. 0. 1.
1. 1. 0.
0. 1. 1.
4 2 0 1 2 3
4 2 1 4 5 2


3 1
1. 0. 0.
0. 1. 0.
0. 0. 1.
3 2 0 1 2
//imerso em R3 com material 3d : nao deu
//com material = 2 teste 3 do triangulo




4 1
1. 0. 0.
1. 1. 0.
0. 1. 0.
0. 0. 0.
4 2 0 1 2 3







6 2
1. 0. 0.
1. 1. 0.
0. 1. 1.
0. 0. 1.
1. 2. 0.
0. 2. 1.
4 2 0 1 2 3
4 2 2 1 4 5







3 1
0. 0. 0.
1. 0. 0.
0. 1. 0.
3 2 0 1 2


6 2
1. 0. 0.
1. 1. 0.
0. 1. 1.
0. 0. 1.
1. 2. 0.
0. 2. 1.
4 2 0 1 2 3
4 2 5 2 1 4








0. -1. 0.
1. 1. 0.
-1. 0. 0.

3 1
1. 0. 0.
0. 1. 0.
1. 1. 0.
2 1 0 1
//-1/sqrt(2) a 1/sqrt(2) local

3 1
0. 0. 1.
1. 2. 2.
-1. 1. 0.
2 1 0 1
2
//o ultimo valor da primeira linha e fYAxisIndex, -1 o outro valor

3 1
1. 0. 0.
6.656854249492 0. 0.
-1. 1. 0.
2 1 0 1
//(1,0) a (1+4*sqrt[2],0)

3 1
1. 1. 0.
5. 5. 0.
-1. 1. 0.
2 1 0 1
//(1,1) a (5,5)













3 1
1. 0. 0.
5. 0. 0.
-1. 1. 0.
2 1 0 1






3 1
1. 1. 0.
2. 2. 0.
-1. 1. 0.
2 1 0 1
//o terceiro ponto é fYAxisIndex = 2 :


3 1
1. 0. 0.
2. 0. 0.
-1. 1. 0.
2 1 0 1








2 1
 -0.7071067811865 0. 0.
  0.7071067811865 0. 0.
2 1 0 1  












2  1
1. 0. 0.
2. 0. 0.
2 1 0 1
//linha na reta  OK!

2 1
-1. 0. 0.
1. 0. 0.
2 1 0 1
//elem mestre OK!



2
1. 1. 0.
2. 2. 0.
2 1 0 1


3 1
  -.7071067811865   -.4082482904639  0.
   .7071067811865   -.4082482904639  0.
  0.                 .8164965809277  0.
3 2 0 1 2
//teste 3 do triangulo deformado : OK!










4  2
0. 0. 0.
1. 0. 0.
0. 1. 0.
0. 0. 1.
7 3 0 1 2 3
3 2 1 2 3
//material 3d : 3 ; 2d : 2
3 2 0 2 3
//tetraedro padrão
3 2 0 1 2
3 2 0 1 3






3 1
3. -1. 1.
2. 3. 0.
1. 1. 3.
3 3 0 1 2
//material 3d triangulo em R3 : teste 2


3 1
1. 1. 0.
2. 2. 0.
-1. 3. 0.
3 3 0 1 2
//teste 1 do triangulo plano (R2) com inversa




4 1
 0. -1. 0.
 1.  0. 0.
 0.  1. 0.
-1.  0. 0.
4 2 0 1 2 3
//teste 1 do quadrilatero deformado


3 1
3. -1. 1.
2. 3. 0.
1. 1. 3.
3 2 0 1 2
//material 2d






3 1
0. 0. 0.
1. 0. 0.
0. 1. 0.
3 2 0 1 2
//material 1 : linear; 2 : 2d; 3 : 3d















3 1
2. 1. 0.
1. 1. 0.
0. 0. 2.
3 2 0 1 2









3 1
-1. -1. 0.
 1. -1. 0.
 0.  1. 0.
3 1 0 1 2
//testada com ordem 8 e divisoes : OK!

4 1
0. 0. 0.
1. 0. 0.
1. 1. 0.
0. 1. 0.
4 1 2 3 0 1
//teste com divisao e ordem 7 : OK!








2 1
0. 0. 0.
1. 1. 1.
2 1 1 0
//teste 1d com ord n e divisao : OK!

2 1
-1. 0. 0.
 1. 0. 0.
2 1 0 1






4  2
0. 0. 0.
1. 0. 0.
1. 1. 0.
0. 1. 0.
3 1 0 1 3
3 1 3 1 2

3 1 0 1 2
4 1 0 1 4 3
4 1 1 2 5 4
4 1 0 2 5 3
3 1 3 4 5
//passou na divisao de ambos






















3 1 4 5 3
3 1 5 3 4
3 1 3 5 4
3 1 4 3 5
3 1 5 4 3
//faces 19


4 1 0 2 5 3
4 1 2 5 3 0
4 1 5 3 0 2
4 1 3 0 2 5
4 1 0 3 5 2
4 1 3 5 2 0
4 1 5 2 0 3
4 1 2 0 3 5
//todas as faces 18


4 1 1 2 5 4
4 1 2 5 4 1
4 1 5 4 1 2
4 1 4 1 2 5
4 1 1 4 5 2
4 1 4 5 2 1
4 1 5 2 1 4
4 1 2 1 4 5
//face 17


4 1 0 1 4 3
4 1 1 4 3 0
4 1 4 3 0 1
4 1 3 0 1 4
4 1 0 3 4 1
4 1 3 4 1 0
4 1 4 1 0 3
4 1 1 0 3 4
//todas as faces 16


3 1 0 1 2
3 1 1 2 0
3 1 2 0 1
3 1 0 2 1
3 1 2 1 0
3 1 1 0 2
//todas as possiveis
//faces triangulares com a face 15












5 1
-1. -1. 0.
 1. -1. 0.
 1.  1. 0.
-1.  1. 0.
 0.  0. 1.
5 1 0 1 2 3 4
3 1 1 2 4
//piramide padrao





6 1
2. 0. 0.
2. 0. 1.
2. 1. 0.
1. 0. 0.
1. 0. 1.
1. 1. 0.
6 1 0 1 2 3 4 5




3 1
0. 0. 0.
1. 0. 0.
0. 1. 0.
3 1 0 1 2









4 1
0 -1. 0.
1. 0. 0.
0. 1. 0.
0. 0. 1.
7 1 0 1 2 3






5 1
0. 0. 0.
1. 0. 0.
1. 1. 0.
0. 1. 0.
0. 0. 1.
5 1 0 1 2 3 4
2 1 0 1
2 1 1 2
2 1 2 3
2 1 3 0
2 1 0 4
2 1 1 4
2 1 2 4
2 1 3 4


5 1
0. 0. 0.
1. 0. 0.
1. 1. 0.
0. 1. 0.
0. 0. 1.
5 1 0 1 2 3 4
3 1 1 2 4



4 1 0 1 2 3
3 1 0 1 4
3 1 3 2 4
3 1 0 3 4
//piramide padrao

5 1
0. 0. 0.
2. 0. 0.
2. 2. 0.
0. 2. 0.
0. 0. 1.
5 1 0 1 2 3 4








6 1
0. 0. 0.
1. 0. 0.
0. 1. 0.
0. 0. 1.
1. 1. 1.
0. 1. 1.
5 1 1 4 5 2 3
7 1 0 1 2 3


5 1 0 2 5 3 1
7 2 5 3 1 4
3 3 3 5 1
2 4 5 1
4 5 3 5 2 0
//piramide, tetraedro, triangulo, quadrilatero e linear
//bom ordem 4








5 1
0. 0. 0.
1. 0. 0.
1. 1. 0.
0. 1. 0.
0. 0. 1.
5 1 0 1 2 3 4




8 1
0. 0. 0.
1. 0. 0.
1. 1. 0.
0. 1. 0.
0. 0. 1.
1. 0. 1.
1. 1. 1.
0. 1. 1.
5 1 0 1 2 3 4
5 1 1 5 6 2 4
5 1 3 2 6 7 4







9 5
0. 0. 0.
1. 0. 0.
1. 1. 0.
0. 1. 0.
0. 0. 1.
1. 0. 1.
1. 1. 1.
0. 1. 1.
0. 0. 2.
8 1 3 4 5 6 7 0 1 2
5 2 5 6 7 4 8
4 3 6 7 4 5
3 4 4 5 8
2 5 6 5
//bom
8 1 0 1 2 3 4 5 6 7
5 2 4 5 6 7 8
4 3 4 5 6 7
3 4 4 5 8
2 5 4 5
//bom

5 2
0. 0. 0.
1. 0. 0.
1. 1. 0.
0. 1. 0.
0. 0. 1.
5 1 0 1 2 3 4
3 2 0 1 4


2 2 4 2
2 2 3 4
5 1 0 1 2 3 4
4 2 0 1 2 3
2 2 0 4
2 2 1 4
2 2 2 4
2 2 3 4



3 3 0 1 4
3 3 1 2 4
3 3 3 2 4
3 3 0 3 4
//piramide





3 2
0. 0. 0.
1. 0. 0.
0. 1. 0.
3 1 1 2 0
2 2 1 0
//triangulo e linear




4 2
0. 0. 0.
1. 0. 0.
1. 1. 0.
0. 1. 0.
4 1 0 1 2 3
4 1 2 3 0 1

5 3
0. 0. 0.
1. 0. 0.
2. 1. 0.
1. 1. 0.
0. 1. 0.
4 1 3 4 0 1
3 2 1 3 2
2 3 3 1
4 1 3 4 0 1
3 2 1 3 2
2 3 1 3
4 1 0 1 3 4
3 2 1 2 3
2 3 3 1
//elemtos quad., triang. e linear




3 2
0. 0. 0.
1. 0. 0.
0. 1. 0.
3 1 0 1 2
3 1 1 0 2
3 1 2 1 0
3 1 0 2 1
3 1 2 0 1
3 1 1 2 0
3 1 0 1 2
//dois elementosd superpostos
//feitas todas 1o com as outras

4 2
0. 0. 0.
1. 0. 0.
1. 1. 0.
0. 1. 0.
3 1 0 1 3
3 1 1 3 2
3 1 2 1 3
3 1 3 2 1
3 1 3 1 2
3 1 2 3 1
3 1 1 2 3
//2 triangulos



6 2
0. 0. 0.
1. 0. 0.
2. 0. 0.
2. 1. 0.
1. 1. 0.
0. 1. 0.
4 1 0 1 4 5
4 1 3 2 1 4
4 1 4 3 2 1
4 1 1 4 3 2
4 1 4 1 2 3
4 1 3 4 1 2
4 1 2 3 4 1
4 1 1 2 3 4
//2 quadrilateros :horizontais
//o 1o foi testado com os outros

4 2
-1. 0. 0.
0. 0. 0.
1. 0. 0.
0. 1. 0.
3 1 0 1 3
3 1 1 2 3

3 1 3 0 1
3 1 3 1 2

3 1 0 1 3
3 1 1 2 3

3 1 1 3 0
3 1 3 1 2




5 3
0. 0. 0.
1. 0. 0.
1. 1. 0.
0. 1. 0.
2. 0. 0.
4 1 1 2 3 0
3 2 1 4 2
2 3 2 1
4 1 0 1 2 3


3 2
0. 0. 0.
1. 0. 0.
0. 1. 0.
3 1 1 0 2
2 2 1 2

2 2
0. 0. 0.
1. 0. 0.
2 1 0 1
2 1 1 0


6 2
0. 0. 0.
1. 0. 0.
1. 1. 0.
0. 1. 0.
1. 2. 0.
0. 2. 0.
4 1 0 1 2 3
4 1 3 2 4 5
//2 quadrilateros verticais




3 2
0. 0. 0.
1. 0. 0.
0. 1. 0.
3 1 0 1 2
2 2 1 0



2 2
0. 0. 0.
1. 1. 1.
2 1 0 1
2 1 1 0


4 2
0. 0. 0.
1. 0. 0.
0. 1. 0.
0. 0. 1.
7 1 0 1 2 3
3 2 1 2 3





5 4
0. 0. 0.
1. 0. 0.
1. 1. 0.
0. 1. 0.
0. 0. 1.
5 1 0 1 2 3 4
4 2 1 2 3 0
3 3 1 4 0
2 4 4 1

5 4
0. 0. 0.
1. 0. 0.
1. 1. 0.
0. 1. 0.
0. 0. 1.
5 1 0 1 2 3 4
4 2 0 1 2 3
3 3 0 1 4
2 4 1 4


4 2
0. 0. 0.
1. 0. 0.
0. 1. 0.
0. 0. 1.
7 1 0 1 2 3
3 2 0 1 2











5 14
0. 0. 0.
1. 0. 0.
1. 1. 0.
0. 1. 0.
0. 0. 1.
2 1 0 1
2 1 1 2
2 1 2 3
2 1 3 0
2 1 0 4
2 1 1 4
2 1 2 4
2 1 3 4
3 2 0 1 4
3 2 1 2 4
3 2 3 2 4
3 2 0 3 4
4 3 0 1 2 3
5 4 0 1 2 3 4


5 4
0. 0. 0.
1. 0. 0.
1. 1. 0.
0. 1. 0.
0. 0. 1.
2 1 0 1
3 2 0 1 4
4 3 0 1 2 3
5 4 0 1 2 3 4




5 6
0. 0. 0.
1. 0. 0.
1. 1. 0.
0. 1. 0.
0. 0. 1.
5 1 0 1 2 3 4
4 2 0 1 2 3
3 3 0 1 4
3 3 1 2 4
3 3 3 2 4
3 3 0 3 4






4 1
-1. -1. 0.
1. 0. 0.
0. 1. 0.
0. 0. 2.
7 1 3 0 2 1




4 1
0. 0. 0.
1. 0. 0.
0. 1. 0.
0. 0. 1.
7 1 0 1 2 3
2 1 0 1


5 1
0. 0. 0.
1. 0. 0.
1. 1. 0.
0. 1. 0.
0. 0. 1.
5 1 3 0 1 2 4








4 11
0. 0. 0.
1. 0. 0.
0. 1. 0.
0. 0. 1.
2 1 0 1
2 1 1 2
2 1 2 3
2 1 0 3
2 1 1 3
2 1 2 3
3 2 0 1 2
3 2 0 1 3
3 2 1 2 3
3 2 0 2 3
7 3 0 1 2 3






5 1
-1. -1. 0.
1. -1. 0.
1. 1. 0.
-1. 1. 0.
0. 0. 1.
5 1 0 1 2 3 4
//pirâmide


8 1
0. 0. 0.
1. 0. 0.
1. 1. 0.
0. 1. 0.
0. 0. 1.
1. 0. 1.
1. 1. 1.
0. 1. 1.
8 1 0 1 2 3 4 5 6 7
//cubo



//TESTES
5 1 3 0 2 1 -1
3 2 2 1 0
2 3 0 1
------------------
5 1 0 1 2 3 -1
3 2 2 1 0
3 2 3 1 0
2 3 1 0
2 3 3 2
2 3 1 2
----------------
5 1 3 0 2 1
3 2 2 1 0
3 2 3 1 0
2 3 1 0
2 3 3 2
2 3 1 2
//tetraedro,triângulo,triângulo,triângulo,triângulo
//testes
5 1 0 1 2 3 -1
3 2 2 1 0
3 2 3 1 0
3 2 3 2 1
3 2 3 2 0
---------------
5 1 3 0 2 1 -1
3 2 2 1 0
3 2 3 1 0
3 2 3 2 1
3 2 3 2 0
---------------
5 1 3 0 2 1 -1
3 2 2 1 0
3 2 3 1 0
3 2 3 2 1
3 2 3 2 0



