0. -0.04339999999999833
1.0000000000000002e-6 -0.07079999999999842
-1.0000000000000002e-6 -0.11950000000000216
-1.0000000000000002e-6 -0.17020000000000124
0. -0.22299999999999898
0. -0.3731999999999971
-5.e-6 -0.3984999999999985
-5.e-6 -0.5506000000000029
-0.00001 -0.6236999999999995
-0.000011000000000000001 -0.7554999999999978
-0.000014 -0.8569000000000031
-0.000017 -1.0578000000000003
-0.00002 -1.1846999999999994
-0.00002 -1.311399999999999
-0.000025 -1.3875000000000028
-0.000027000000000000002 -1.5112999999999985
-0.000025 -1.6158000000000001
-0.00003 -1.7464999999999975
-0.000032000000000000005 -1.9727999999999994
-0.000037000000000000005 -2.0467999999999975
-0.000038 -2.1736000000000004
-0.00004100000000000001 -2.3004999999999995
-0.000044000000000000006 -2.3785000000000025
-0.000044000000000000006 -2.4780000000000015
-0.000044999999999999996 -2.6047999999999973
-0.000047000000000000004 -2.731499999999997
-0.000047999999999999994 -2.7567999999999984
-0.00005 -2.906100000000002
-0.000052 -2.8836000000000013
-0.000053 -3.0075000000000003
-0.000054999999999999995 -3.1372
-0.000057 -3.187899999999999
-0.000059 -3.2892999999999972
-0.000062 -3.441600000000001
-0.000062 -3.5683000000000007
-0.000066 -3.6443999999999974
-0.000069 -3.7965000000000018
-0.000071 -3.9202999999999975
-0.00007400000000000001 -3.9994000000000014
-0.000077 -4.151499999999999
-0.00007900000000000001 -4.280299999999997
-0.00008 -4.331000000000003
-0.000083 -4.4557
-0.000084 -4.506500000000003
-0.000086 -4.633299999999998
-0.00008800000000000001 -4.660600000000002
-0.00008999999999999999 -4.787300000000002
-0.000092 -4.8126999999999995
-0.00009400000000000001 -4.914099999999998
-0.000097 -5.036000000000001
-0.000101 -5.2164
-0.00010300000000000001 -5.317799999999998
-0.000105 -5.469900000000003
-0.000107 -5.571300000000001
-0.00010999999999999999 -5.748899999999999
-0.000112 -5.7742
-0.000116 -5.8979
-0.000118 -6.004399999999997
-0.000119 -6.1038
-0.000121 -6.151400000000002
-0.000123 -6.283200000000001
-0.000123 -6.331899999999997
-0.000129 -6.433399999999999
-0.00013 -6.534799999999997
-0.000131 -6.562100000000001
-0.000132 -6.686900000000001
-0.000135 -6.737699999999997
-0.000136 -6.861400000000003
-0.000137 -6.889699999999998
-0.000141 -7.0671000000000035
-0.000141 -7.147199999999998
-0.000144 -7.219299999999997
-0.000147 -7.396799999999999
-0.00014900000000000002 -7.472799999999999
-0.00015 -7.520499999999998
-0.000153 -7.650199999999998
-0.000156 -7.802399999999999
-0.00015900000000000002 -7.903799999999997
-0.000162 -8.0306
-0.00016400000000000003 -8.057899999999997
-0.000166 -8.182699999999997
-0.000169 -8.334800000000001
-0.00017 -8.362099999999998
-0.000172 -8.4362
-0.000174 -8.590400000000002
-0.00017500000000000003 -8.613599999999998
-0.00017500000000000003 -8.762799999999999
-0.000179 -8.892499999999998
-0.00017999999999999998 -8.970599999999997
-0.000182 -9.095399999999998
-0.000183 -9.222099999999998
-0.000186 -9.323500000000003
-0.00019099999999999998 -9.399500000000003
-0.00019199999999999998 -9.502899999999997
-0.000194 -9.627699999999997
-0.000196 -9.807200000000002
-0.00019800000000000002 -9.852800000000002
-0.000201 -9.957299999999996
-0.00020500000000000002 -9.982599999999998
-0.00020400000000000003 -10.085900000000002
-0.00020600000000000002 -10.1873
-0.00021 -10.263399999999997
-0.00021 -10.3628
-0.000212 -10.464199999999998
-0.000212 -10.591000000000001
-0.000213 -10.6417
-0.00021700000000000002 -10.7684
-0.000219 -10.866799999999998
-0.000222 -11.021900000000002
-0.000224 -11.145699999999998
-0.000229 -11.2725
-0.000228 -11.376800000000003
-0.000231 -11.454900000000002
-0.00023400000000000002 -11.5796
-0.000237 -11.652700000000003
-0.000238 -11.703299999999999
-0.000242 -11.858400000000003
-0.000243 -11.883699999999997
-0.000246 -11.9617
-0.000245 -12.0886
-0.000248 -12.162599999999998
-0.00025100000000000003 -12.264000000000003
-0.000253 -12.341900000000003
-0.00025499999999999996 -12.466700000000003
-0.00026 -12.6188
-0.000261 -12.772799999999997
-0.000263 -12.874200000000002
-0.00026700000000000004 -13.0244
-0.000271 -13.125799999999998
-0.000273 -13.2271
-0.000276 -13.277900000000002
-0.000277 -13.406599999999997
-0.000279 -13.457299999999996
-0.000282 -13.5537
-0.00028500000000000004 -13.6327
-0.00028500000000000004 -13.734099999999998
-0.000288 -13.735999999999997
-0.000291 -13.886099999999999
-0.000291 -13.962200000000003
-0.000293 -13.987499999999997
-0.000295 -14.139600000000002
-0.00029600000000000004 -14.2177
-0.000297 -14.293700000000001
-0.00029800000000000003 -14.4437
-0.000303 -14.570500000000003
-0.00030700000000000004 -14.747999999999998
-0.00030900000000000003 -14.900100000000002
-0.00031 -14.975999999999999
-0.000314 -15.102899999999998
-0.000315 -15.206200000000003
-0.000317 -15.305599999999998
-0.000319 -15.381500000000003
-0.000319 -15.479999999999997
-0.000322 -15.561
-0.00032300000000000004 -15.609699999999997
-0.000324 -15.733400000000003
-0.00032500000000000004 -15.8399
-0.00032599999999999996 -15.8855
-0.000329 -15.964500000000001
-0.00033 -16.067899999999995
-0.00033 -16.141900000000007
-0.00033099999999999997 -16.2179
-0.000335 -16.344700000000003
-0.000336 -16.395399999999995
-0.000342 -16.522199999999998
-0.000342 -16.6742
-0.00034500000000000004 -16.800799999999995
-0.000343 -16.851600000000005
-0.00034500000000000004 -16.978399999999993
-0.000348 -17.079700000000003
-0.00034700000000000003 -17.155699999999996
-0.000349 -17.2825
-0.00035000000000000005 -17.385900000000007
-0.00035200000000000005 -17.485100000000003
-0.00035499999999999996 -17.586600000000004
-0.000358 -17.688000000000002
-0.000361 -17.7894
-0.000361 -17.865399999999994
-0.000364 -17.992099999999994
-0.00036700000000000003 -18.093500000000006
-0.000368 -18.196799999999996
-0.000371 -18.267899999999997
-0.000373 -18.374200000000002
-0.000377 -18.498999999999995
-0.00038 -18.6276
-0.00038100000000000005 -18.701700000000002
-0.000385 -18.7778
-0.00038600000000000006 -18.904600000000002
-0.000391 -18.980599999999995
-0.000394 -19.0818
-0.00039600000000000003 -19.159800000000004
-0.0004 -19.3099
-0.000401 -19.411199999999994
-0.00040500000000000003 -19.512600000000006
-0.000406 -19.616
-0.000406 -19.717299999999994
-0.000409 -19.791399999999996
-0.00041099999999999996 -19.918099999999995
-0.000414 -19.968900000000005
-0.00041799999999999997 -20.120900000000006
-0.000421 -20.171599999999998
-0.000422 -20.3489
-0.000423 -20.452299999999994
-0.000424 -20.526300000000006
-0.000428 -20.653099999999995
-0.00043 -20.7543
-0.000433 -20.805099999999996
-0.000436 -20.984300000000005
-0.00043700000000000005 -21.060500000000005
-0.00043999999999999996 -21.1344
-0.000441 -21.261300000000006
-0.000445 -21.286500000000004
-0.000448 -21.413200000000003
-0.000448 -21.438500000000005
-0.000449 -21.592699999999994
-0.00045 -21.769999999999996
-0.000452 -21.768100000000004
-0.00045400000000000003 -21.945300000000003
-0.000457 -22.072000000000003
-0.000457 -22.150099999999995
-0.00045900000000000004 -22.325500000000005
-0.00046100000000000004 -22.401600000000002
-0.00046100000000000004 -22.477500000000006
-0.000465 -22.578900000000004
-0.00046699999999999997 -22.654899999999998
-0.00046699999999999997 -22.783600000000007
-0.00046800000000000005 -22.781499999999994
-0.000472 -22.9337
-0.000475 -23.034999999999997
-0.000479 -23.085700000000003
-0.00048300000000000003 -23.161699999999996
-0.000481 -23.315700000000007
-0.00048300000000000003 -23.440299999999993
-0.00048800000000000004 -23.516400000000004
-0.000491 -23.643100000000004
-0.000493 -23.7192
-0.000495 -23.820300000000003
-0.000496 -23.947100000000006
-0.000498 -24.0484
-0.0005 -24.151799999999994
-0.0005 -24.225800000000007
-0.000504 -24.273600000000002
-0.000505 -24.379900000000006
-0.000506 -24.455799999999996
-0.000509 -24.582700000000003
-0.0005099999999999999 -24.6567
-0.0005099999999999999 -24.7581
-0.000514 -24.937399999999997
-0.000517 -25.036699999999996
-0.000519 -25.190799999999996
-0.000521 -25.290099999999995
-0.000522 -25.388400000000004
-0.000523 -25.4392
-0.000527 -25.540499999999994
-0.000526 -25.591099999999997
-0.0005290000000000001 -25.7462
-0.0005290000000000001 -25.796800000000005
-0.000533 -25.923500000000004
-0.000535 -25.974100000000007
-0.000537 -26.024900000000002
-0.0005390000000000001 -26.126199999999997
-0.000541 -26.305499999999995
-0.000543 -26.376499999999993
-0.000546 -26.531599999999997
-0.000549 -26.582300000000004
-0.00055 -26.685500000000005
-0.000552 -26.810299999999998
-0.000554 -26.911500000000004
-0.000554 -27.013000000000005
-0.000558 -27.1143
-0.000561 -27.212599999999995
-0.000563 -27.266199999999998
-0.000567 -27.393100000000004
-0.000564 -27.4709
-0.000567 -27.623000000000005
-0.000569 -27.6939
-0.0005729999999999999 -27.795299999999997
-0.000576 -27.950400000000002
-0.000576 -27.9777
-0.000578 -28.1276
-0.00058 -28.203500000000005
-0.000582 -28.3557
-0.000585 -28.406400000000005
-0.000589 -28.4824
-0.000586 -28.6618
-0.000591 -28.685000000000002
-0.000594 -28.837000000000003
-0.000594 -28.9131
-0.000598 -28.989000000000004
-0.000601 -29.117800000000003
-0.000602 -29.217100000000002
-0.000605 -29.320400000000006
-0.000606 -29.396500000000003
-0.00061 -29.546400000000006
-0.000613 -29.647900000000007
-0.000615 -29.7256
-0.000615 -29.776399999999995
-0.000617 -29.9486
-0.000617 -29.951700000000002
-0.000621 -30.103800000000007
-0.000621 -30.205200000000005
-0.000626 -30.354100000000003
-0.0006270000000000001 -30.4585
-0.000629 -30.509
-0.00063 -30.587000000000003
-0.00063 -30.661
-0.000635 -30.813199999999995
-0.000639 -30.911299999999997
-0.000638 -31.0685
-0.000643 -31.218400000000003
-0.0006450000000000001 -31.345100000000002
-0.0006460000000000001 -31.392700000000005
-0.000648 -31.443399999999997
-0.0006490000000000001 -31.573099999999997
-0.000648 -31.6006
-0.0006469999999999999 -31.674300000000002
-0.0006469999999999999 -31.801100000000005
-0.0006510000000000001 -31.851699999999994
-0.0006529999999999999 -32.105199999999996
-0.0006529999999999999 -32.231700000000004
-0.0006550000000000001 -32.385999999999996
-0.000659 -32.4871
-0.0006569999999999999 -32.561099999999996
-0.000661 -32.637
-0.000664 -32.7101
-0.000668 -32.8398
-0.000668 -32.915800000000004
-0.000669 -32.941
-0.000668 -33.0424
-0.000671 -33.093
-0.000671 -33.143699999999995
-0.000674 -33.2419
-0.000677 -33.3485
-0.000679 -33.4243
-0.00068 -33.4982
-0.000681 -33.599599999999995
-0.0006850000000000001 -33.721199999999996
-0.000687 -33.8528
-0.000689 -33.956199999999995
-0.000691 -34.0809
-0.000693 -34.1589
-0.0006950000000000001 -34.2805
-0.000698 -34.4072
-0.0007000000000000001 -34.5116
-0.000702 -34.587500000000006
-0.0007040000000000001 -34.663399999999996
-0.0007040000000000001 -34.7394
-0.0007059999999999999 -34.9422
-0.0007099999999999999 -35.018100000000004
-0.000712 -35.1416
-0.000713 -35.220699999999994
-0.0007140000000000001 -35.3475
-0.0007149999999999999 -35.39790000000001
-0.0007199999999999999 -35.499300000000005
-0.000719 -35.60080000000001
-0.000723 -35.676500000000004
-0.000726 -35.8053
-0.000728 -35.88120000000001
-0.000729 -36.0059
-0.00073 -36.081900000000005
-0.000735 -36.208600000000004
-0.000736 -36.335300000000004
-0.000738 -36.4366
-0.00074 -36.5377
-0.00074 -36.58839999999999
-0.0007430000000000001 -36.7405
-0.000747 -36.8164
-0.000747 -36.841899999999995
-0.000749 -36.9957
-0.000749 -37.046400000000006
-0.000751 -37.2217
-0.000755 -37.31999999999999
-0.0007580000000000001 -37.4212
-0.0007610000000000001 -37.474999999999994
-0.0007610000000000001 -37.5762
-0.0007620000000000001 -37.7029
-0.0007630000000000001 -37.804199999999994
-0.0007670000000000001 -37.880300000000005
-0.0007679999999999999 -38.0574
-0.000771 -38.133399999999995
-0.000775 -38.260000000000005
-0.000774 -38.3887
-0.000775 -38.4851
-0.00078 -38.538700000000006
-0.000782 -38.6147
-0.000784 -38.792
-0.000787 -38.819199999999995
-0.000785 -38.9204
-0.000788 -38.994600000000005
-0.000787 -39.118300000000005
-0.000794 -39.197199999999995
-0.000797 -39.2731
-0.000797 -39.3998
-0.000798 -39.503299999999996
-0.000802 -39.655199999999994
-0.000805 -39.680400000000006
-0.000805 -39.779700000000005
-0.000808 -39.9337
-0.000809 -40.034800000000004
-0.0008110000000000001 -40.108900000000006
-0.000812 -40.18470000000001
-0.0008110000000000001 -40.2833
-0.000817 -40.3875
-0.0008190000000000001 -40.438199999999995
-0.0008200000000000001 -40.587
-0.000823 -40.7166
-0.0008240000000000001 -40.818
-0.0008269999999999999 -40.944500000000005
-0.00083 -40.99720000000001
-0.00083 -41.1219
-0.000832 -41.1999
-0.000835 -41.326499999999996
-0.000838 -41.3751
-0.000839 -41.526799999999994
-0.00084 -41.6537
-0.000843 -41.679100000000005
-0.000845 -41.782300000000006
-0.000845 -41.906800000000004
-0.000848 -42.0082
-0.000849 -42.1348
-0.000854 -42.258399999999995
-0.0008550000000000001 -42.388099999999994
-0.000857 -42.41330000000001
-0.000857 -42.542
-0.00086 -42.6131
-0.000863 -42.6918
-0.000865 -42.793000000000006
-0.0008680000000000001 -42.8943
-0.0008680000000000001 -42.97239999999999
-0.00087 -43.0737
-0.00087 -43.223699999999994
-0.000872 -43.294700000000006
-0.0008730000000000001 -43.4233
-0.000881 -43.5042
-0.0008790000000000001 -43.605599999999995
-0.0008790000000000001 -43.68129999999999
-0.000881 -43.806200000000004
-0.0008849999999999999 -43.8823
-0.000887 -44.0086
-0.00089 -44.059200000000004
-0.000891 -44.2111
-0.0008939999999999999 -44.363200000000006
-0.000895 -44.461600000000004
-0.000899 -44.5659
-0.0009 -44.664100000000005
-0.000903 -44.7936
-0.000903 -44.81870000000001
-0.000906 -44.993300000000005
-0.000906 -45.02160000000001
-0.000906 -45.0977
-0.00091 -45.173500000000004
-0.000911 -45.300200000000004
-0.000914 -45.3476
-0.0009130000000000001 -45.479299999999995
-0.0009170000000000001 -45.5787
-0.0009180000000000001 -45.730599999999995
-0.000923 -45.828900000000004
-0.000924 -45.9838
-0.0009260000000000001 -46.05970000000001
-0.000929 -46.110299999999995
-0.00093 -46.236999999999995
-0.0009310000000000001 -46.289699999999996
-0.0009339999999999999 -46.414199999999994
-0.0009360000000000001 -46.46510000000001
-0.0009360000000000001 -46.5917
-0.0009370000000000001 -46.692899999999995
-0.0009370000000000001 -46.79430000000001
-0.000944 -46.9208
-0.0009429999999999999 -46.9714
-0.000947 -47.07470000000001
-0.000949 -47.176
-0.000951 -47.351200000000006
-0.000953 -47.3763
-0.00096 -47.553700000000006
-0.000956 -47.6571
-0.00096 -47.730900000000005
-0.000961 -47.831900000000005
-0.000964 -47.88249999999999
-0.0009660000000000001 -48.0094
-0.000965 -48.1358
-0.00097 -48.2392
-0.0009710000000000001 -48.3404
-0.000972 -48.4165
-0.000974 -48.54089999999999
-0.000974 -48.5937
-0.000979 -48.693
-0.00098 -48.7692
-0.000984 -48.8955
-0.000984 -48.973299999999995
-0.000989 -49.047399999999996
-0.000991 -49.2247
-0.000992 -49.2752
-0.000992 -49.4272
-0.000993 -49.550700000000006
-0.000996 -49.606399999999994
-0.000998 -49.7077
-0.001 -49.804100000000005
-0.0010040000000000001 -49.933800000000005
-0.001007 -49.9841
-0.00101 -50.085499999999996
-0.00101 -50.1866
-0.0010140000000000001 -50.288
-0.001016 -50.44
-0.001018 -50.563599999999994
-0.001023 -50.6679
-0.001022 -50.7689
-0.0010249999999999999 -50.872299999999996
-0.001027 -50.8956
-0.001029 -50.99379999999999
-0.001034 -51.0727
-0.001036 -51.20140000000001
-0.001037 -51.297700000000006
-0.00104 -51.4273
-0.001044 -51.5305
-0.001043 -51.6268
-0.001047 -51.707800000000006
-0.001047 -51.807100000000005
-0.001049 -51.9083
-0.001051 -51.9337
-0.00106 -52.037000000000006
-0.001056 -52.037000000000006
-0.0010530000000000001 -52.057
-0.001052 -52.010000000000005
-0.0010530000000000001 -51.980999999999995
-0.001052 -51.857600000000005
-0.001052 -51.781499999999994
-0.001048 -51.7054
-0.001045 -51.5553
-0.001044 -51.4286
-0.001041 -51.299899999999994
-0.00104 -51.170199999999994
-0.001037 -50.992999999999995
-0.001037 -50.921899999999994
-0.001033 -50.795
-0.001029 -50.643100000000004
-0.001028 -50.592699999999994
-0.001026 -50.460899999999995
-0.001021 -50.28660000000001
-0.001021 -50.15689999999999
-0.0010190000000000002 -50.060500000000005
-0.0010170000000000001 -50.007999999999996
-0.0010140000000000001 -49.8305
-0.001015 -49.7312
-0.001013 -49.62779999999999
-0.0010090000000000001 -49.5518
-0.0010090000000000001 -49.401799999999994
-0.001007 -49.323800000000006
-0.001005 -49.19970000000001
-0.001003 -49.0167
-0.001001 -48.893
-0.000999 -48.819199999999995
-0.000994 -48.741200000000006
-0.000993 -48.639700000000005
-0.000991 -48.563599999999994
-0.00099 -48.4371
-0.00099 -48.310500000000005
-0.000988 -48.236599999999996
-0.000984 -48.1331
-0.000984 -47.980900000000005
-0.000983 -47.9273
-0.000982 -47.8057
-0.000978 -47.651799999999994
-0.0009750000000000001 -47.49979999999999
-0.0009760000000000001 -47.4002
-0.000978 -47.3751
-0.000974 -47.2465
-0.000972 -47.195899999999995
-0.0009710000000000001 -47.0946
-0.000972 -47.015600000000006
-0.000969 -46.8939
-0.000965 -46.8159
-0.0009660000000000001 -46.7144
-0.000965 -46.6639
-0.000965 -46.537099999999995
-0.000964 -46.435900000000004
-0.00096 -46.3365
-0.000959 -46.2585
-0.000959 -46.1318
-0.000956 -46.0561
-0.000955 -45.9264
-0.000954 -45.828199999999995
-0.000951 -45.7268
-0.000948 -45.6529
-0.000946 -45.5261
-0.000944 -45.422799999999995
-0.0009420000000000001 -45.2962
-0.0009410000000000001 -45.197100000000006
-0.000939 -45.1463
-0.0009370000000000001 -45.043099999999995
-0.0009350000000000001 -44.916399999999996
-0.0009339999999999999 -44.815200000000004
-0.0009339999999999999 -44.663
-0.0009320000000000001 -44.561899999999994
-0.000928 -44.435199999999995
-0.0009270000000000001 -44.3845
-0.0009260000000000001 -44.280100000000004
-0.000924 -44.182199999999995
-0.000923 -44.0826
-0.00092 -44.004599999999996
-0.000919 -43.95569999999999
-0.000916 -43.80200000000001
-0.000914 -43.6755
-0.000912 -43.5711
-0.00091 -43.5235
-0.000907 -43.4221
-0.000906 -43.34610000000001
-0.000904 -43.21939999999999
-0.000898 -43.0928
-0.000898 -42.96639999999999
-0.000895 -42.88720000000001
-0.0008939999999999999 -42.7637
-0.000892 -42.712900000000005
-0.000891 -42.6388
-0.00089 -42.561099999999996
-0.000887 -42.43429999999999
-0.000886 -42.257000000000005
-0.0008849999999999999 -42.1302
-0.0008799999999999999 -42.0055
-0.0008790000000000001 -42.003699999999995
-0.0008799999999999999 -41.823499999999996
-0.0008790000000000001 -41.7504
-0.0008790000000000001 -41.674400000000006
-0.0008780000000000001 -41.674400000000006
-0.0008749999999999999 -41.5226
-0.0008730000000000001 -41.423199999999994
-0.00087 -41.2692
-0.0008680000000000001 -41.1426
-0.0008680000000000001 -41.016099999999994
-0.000866 -40.8913
-0.000863 -40.8134
-0.00086 -40.788
-0.000858 -40.6888
-0.000863 -40.6108
-0.00086 -40.560199999999995
-0.000857 -40.4588
-0.000854 -40.359399999999994
-0.000852 -40.281499999999994
-0.000852 -40.1041
-0.000847 -40.053700000000006
-0.000848 -39.952200000000005
-0.000846 -39.776799999999994
-0.000844 -39.751599999999996
-0.000841 -39.6502
-0.000839 -39.523799999999994
-0.0008359999999999999 -39.3951
-0.000835 -39.2937
-0.000835 -39.1923
-0.000832 -39.090999999999994
-0.00083 -39.0406
-0.0008260000000000001 -38.9393
-0.000823 -38.8124
-0.000818 -38.6606
-0.0008210000000000001 -38.609899999999996
-0.0008160000000000001 -38.457899999999995
-0.000812 -38.3819
-0.0008110000000000001 -38.356700000000004
-0.0008100000000000001 -38.230000000000004
-0.000809 -38.156000000000006
-0.000807 -37.9768
-0.000804 -37.849999999999994
-0.0008 -37.7205
-0.0008 -37.6473
-0.000797 -37.5462
-0.000804 -37.47
-0.000794 -37.394099999999995
-0.000794 -37.292699999999996
-0.000793 -37.2645
-0.000791 -37.1378
-0.000789 -36.963300000000004
-0.000783 -36.786199999999994
-0.000784 -36.6613
-0.000782 -36.557900000000004
-0.0007779999999999999 -36.5077
-0.0007779999999999999 -36.456900000000005
-0.000777 -36.355599999999995
-0.0007779999999999999 -36.2795
-0.000774 -36.203599999999994
-0.000771 -36.078900000000004
-0.0007679999999999999 -36.026300000000006
-0.0007679999999999999 -35.8995
-0.0007670000000000001 -35.8236
-0.0007639999999999999 -35.719300000000004
-0.0007620000000000001 -35.6229
-0.00076 -35.546800000000005
-0.00076 -35.4435
-0.000755 -35.342299999999994
-0.0007530000000000001 -35.215599999999995
-0.0007530000000000001 -35.089
-0.0007530000000000001 -34.9875
-0.000749 -34.911500000000004
-0.000749 -34.78489999999999
-0.000746 -34.7088
-0.000744 -34.5569
-0.000742 -34.480999999999995
-0.000739 -34.3544
-0.000736 -34.2803
-0.000735 -34.20440000000001
-0.000732 -34.101200000000006
-0.000733 -34.0757
-0.00073 -33.92359999999999
-0.00073 -33.7971
-0.000724 -33.59439999999999
-0.000723 -33.3664
-0.000718 -33.211600000000004
-0.000718 -33.0878
-0.0007140000000000001 -33.039100000000005
-0.0007109999999999999 -32.9358
-0.0007099999999999999 -32.861900000000006
-0.0007109999999999999 -32.809200000000004
-0.0007080000000000001 -32.7586
-0.0007059999999999999 -32.6542
-0.0007059999999999999 -32.5809
-0.0007049999999999999 -32.557900000000004
-0.0007040000000000001 -32.4546
-0.000702 -32.40389999999999
-0.0007000000000000001 -32.3806
-0.0007000000000000001 -32.27719999999999
-0.0006990000000000001 -32.1729
-0.0006950000000000001 -32.1018
-0.000693 -32.051199999999994
-0.000693 -31.973100000000002
-0.000688 -31.8211
-0.000688 -31.669300000000007
-0.000686 -31.542699999999996
-0.000681 -31.415800000000004
-0.000679 -31.291300000000007
-0.000678 -31.1879
-0.000677 -31.0865
-0.000675 -31.0107
-0.000676 -30.959900000000005
-0.000672 -30.8352
-0.000669 -30.7825
-0.000668 -30.6558
-0.000665 -30.58
-0.000665 -30.4786
-0.000664 -30.3266
-0.0006619999999999999 -30.2273
-0.000658 -30.176599999999993
-0.0006560000000000001 -30.049800000000005
-0.000654 -29.921099999999996
-0.000654 -29.822000000000003
-0.0006500000000000001 -29.771199999999993
-0.0006490000000000001 -29.619200000000006
-0.0006460000000000001 -29.541200000000003
-0.000643 -29.389200000000002
-0.000643 -29.264499999999998
-0.0006410000000000001 -29.208799999999997
-0.000642 -29.061800000000005
-0.0006370000000000001 -29.009200000000007
-0.000639 -28.8844
-0.000635 -28.831599999999995
-0.0006320000000000001 -28.757900000000006
-0.000631 -28.629099999999994
-0.000631 -28.502399999999994
-0.000629 -28.4011
-0.000624 -28.2997
-0.0006230000000000001 -28.198400000000007
-0.000621 -28.071799999999996
-0.00062 -27.947199999999995
-0.000617 -27.845799999999997
-0.000616 -27.795100000000005
-0.000613 -27.666399999999996
-0.000611 -27.514399999999995
-0.000608 -27.362399999999994
-0.000607 -27.311700000000002
-0.000604 -27.159599999999998
-0.000603 -27.111000000000004
-0.0006 -27.007800000000003
-0.000599 -26.9033
-0.0005970000000000001 -26.852599999999995
-0.000598 -26.779600000000002
-0.000594 -26.730999999999995
-0.000593 -26.629599999999996
-0.000593 -26.551599999999993
-0.000589 -26.424999999999997
-0.0005870000000000001 -26.3489
-0.000585 -26.224199999999996
-0.000582 -26.146199999999993
-0.000584 -26.0197
-0.000578 -25.968900000000005
-0.000579 -25.867599999999996
-0.000577 -25.7663
-0.000575 -25.614400000000003
-0.0005729999999999999 -25.436800000000005
-0.000568 -25.3609
-0.000566 -25.208799999999997
-0.000564 -25.158199999999994
-0.000564 -25.056799999999996
-0.000562 -24.9302
-0.000562 -24.904799999999994
-0.000561 -24.805300000000003
-0.0005600000000000001 -24.727400000000003
-0.000557 -24.6027
-0.000557 -24.524699999999996
-0.000555 -24.4508
-0.000549 -24.293800000000005
-0.00055 -24.195400000000006
-0.000546 -24.1194
-0.000543 -23.9927
-0.000543 -23.9187
-0.00054 -23.8408
-0.000541 -23.713899999999995
-0.000537 -23.587400000000002
-0.0005340000000000001 -23.487899999999996
-0.000533 -23.3844
-0.00053 -23.283299999999997
-0.00053 -23.156499999999994
-0.00053 -23.0552
-0.0005340000000000001 -23.0064
-0.000522 -22.930499999999995
-0.000524 -22.829099999999997
-0.000518 -22.722800000000007
-0.00052 -22.599100000000007
-0.000518 -22.5231
-0.0005149999999999999 -22.3711
-0.0005120000000000001 -22.320400000000006
-0.000511 -22.193700000000007
-0.000508 -22.041700000000006
-0.000508 -21.962599999999995
-0.000505 -21.9169
-0.0005 -21.8155
-0.000499 -21.7123
-0.000497 -21.5856
-0.000496 -21.509600000000006
-0.000495 -21.408199999999994
-0.000492 -21.281599999999997
-0.00049 -21.182199999999995
-0.000489 -21.131500000000003
-0.000487 -21.028099999999995
-0.000487 -20.901399999999995
-0.00048300000000000003 -20.850800000000007
-0.000484 -20.700699999999998
-0.000479 -20.546599999999998
-0.000478 -20.421899999999994
-0.000472 -20.288200000000003
-0.000474 -20.217200000000005
-0.00047 -20.087500000000006
-0.00047100000000000006 -20.014499999999998
-0.00046800000000000005 -19.964
-0.000464 -19.862499999999997
-0.00046699999999999997 -19.811800000000005
-0.000462 -19.710499999999996
-0.00046300000000000003 -19.583799999999997
-0.000456 -19.533199999999994
-0.000457 -19.3831
-0.000456 -19.332400000000007
-0.000451 -19.254400000000004
-0.000452 -19.1276
-0.000451 -18.9979
-0.000446 -18.9503
-0.000443 -18.774900000000002
-0.00044200000000000006 -18.6969
-0.000438 -18.620900000000006
-0.00043900000000000005 -18.494100000000003
-0.000436 -18.367500000000007
-0.00043400000000000003 -18.291399999999996
-0.00043200000000000004 -18.166700000000006
-0.000428 -18.111000000000004
-0.000427 -18.012699999999995
-0.000427 -17.913399999999996
-0.00042500000000000003 -17.8099
-0.000424 -17.6832
-0.000419 -17.583799999999997
-0.00041799999999999997 -17.4551
-0.000414 -17.325500000000005
-0.000414 -17.201800000000006
-0.00041000000000000005 -17.100499999999997
-0.000406 -16.9991
-0.00040500000000000003 -16.923000000000002
-0.00040500000000000003 -16.847099999999998
-0.000404 -16.796400000000006
-0.0004 -16.6443
-0.000401 -16.619
-0.000398 -16.4923
-0.000395 -16.4435
-0.000393 -16.3656
-0.00039 -16.164900000000003
-0.00038399999999999996 -15.782699999999998
-0.00037900000000000005 -15.579999999999998
-0.000375 -15.402500000000003
-0.00037 -15.252400000000002
-0.00037 -15.2271
-0.000369 -15.073
-0.000366 -14.997100000000003
-0.000365 -14.895699999999998
-0.000363 -14.872399999999999
-0.000362 -14.870399999999997
-0.000361 -14.769100000000002
-0.00035999999999999997 -14.7183
-0.000359 -14.667700000000004
-0.00035999999999999997 -14.5916
-0.00035700000000000006 -14.566299999999998
-0.000356 -14.5156
-0.00035299999999999996 -14.490200000000002
-0.000351 -14.363399999999999
-0.00035400000000000004 -14.338099999999997
-0.00035400000000000004 -14.2641
-0.00035200000000000005 -14.186
-0.000349 -14.112099999999998
-0.00034700000000000003 -14.061300000000003
-0.000344 -13.9326
-0.000343 -13.8566
-0.000342 -13.805799999999998
-0.000337 -13.655900000000003
-0.000338 -13.579799999999999
-0.000336 -13.552500000000002
-0.000337 -13.427799999999998
-0.000332 -13.349800000000002
-0.00033 -13.223100000000002
-0.00033 -13.149000000000001
-0.000327 -13.070900000000002
-0.000324 -12.994900000000001
-0.000324 -12.868200000000002
-0.000322 -12.8399
-0.00032 -12.6402
-0.000317 -12.490099999999998
-0.000313 -12.386699999999998
-0.00031 -12.2346
-0.00030900000000000003 -12.0826
-0.000306 -12.003500000000003
-0.000304 -11.9052
-0.000301 -11.803800000000003
-0.0003 -11.702399999999997
-0.00029600000000000004 -11.572699999999998
-0.000295 -11.499699999999997
-0.000293 -11.425600000000003
-0.000292 -11.2969
-0.000289 -11.121499999999997
-0.000283 -10.967399999999998
-0.000281 -10.8427
-0.00028000000000000003 -10.713900000000002
-0.000278 -10.612499999999997
-0.000275 -10.460500000000003
-0.000273 -10.359099999999998
-0.00026900000000000003 -10.310400000000001
-0.00026700000000000004 -10.209000000000003
-0.000264 -10.102699999999999
-0.000263 -10.029800000000002
-0.000259 -9.904899999999998
-0.000258 -9.854199999999999
-0.00025499999999999996 -9.803600000000003
-0.000254 -9.747900000000001
-0.000252 -9.6494
-0.000252 -9.548099999999998
-0.000252 -9.421399999999998
-0.00024400000000000002 -9.322000000000003
-0.000243 -9.271299999999997
-0.00024 -9.169899999999998
-0.000239 -9.043199999999999
-0.000238 -8.8891
-0.000239 -8.787700000000001
-0.00023400000000000002 -8.715699999999998
-0.00023400000000000002 -8.635599999999997
-0.000239 -8.508899999999997
-0.00022700000000000002 -8.432899999999997
-0.000228 -8.306199999999997
-0.000225 -8.179499999999997
-0.000222 -8.079999999999998
-0.000215 -7.926000000000002
-0.000215 -7.824599999999997
-0.000214 -7.723300000000002
-0.00021 -7.598399999999998
-0.00020899999999999998 -7.444400000000002
-0.00020400000000000003 -7.368400000000001
-0.000203 -7.319600000000001
-0.000202 -7.187899999999999
-0.0002 -7.114899999999999
-0.000197 -7.0135000000000005
-0.000197 -6.937399999999997
-0.00019300000000000003 -6.863399999999999
-0.00019300000000000003 -6.785299999999999
-0.00018800000000000002 -6.734699999999997
-0.00018700000000000002 -6.633299999999998
-0.000184 -6.579599999999999
-0.000182 -6.508499999999998
-0.000181 -6.405099999999997
-0.000179 -6.278399999999998
-0.00017500000000000003 -6.202399999999997
-0.00017500000000000003 -6.050199999999997
-0.00017 -5.872799999999998
-0.000167 -5.796900000000001
-0.00016400000000000003 -5.646799999999999
-0.000161 -5.5452999999999975
-0.000155 -5.391199999999998
-0.000156 -5.291899999999998
-0.000153 -5.213799999999999
-0.000152 -5.114400000000003
-0.00014900000000000002 -4.985599999999998
-0.000147 -4.960299999999997
-0.000142 -4.8355999999999995
-0.000142 -4.7849
-0.000142 -4.6815
-0.000139 -4.605400000000003
-0.000139 -4.5548
-0.000134 -4.4787000000000035
-0.000132 -4.3774000000000015
-0.00013 -4.301299999999998
-0.000127 -4.174500000000002
-0.00012800000000000002 -4.098399999999998
-0.000126 -3.9716999999999985
-0.00012200000000000001 -3.7708999999999975
-0.000114 -3.5407999999999973
-0.000105 -3.2843000000000018
-0.00010200000000000001 -3.1068
-0.0001 -2.9851000000000028
-0.00009599999999999999 -2.831000000000003
-0.000091 -2.6535999999999973
-0.000086 -2.599800000000002
-0.000087 -2.4761000000000024
-0.000085 -2.371600000000001
-0.000081 -2.2986999999999966
-0.000078 -2.2498999999999967
-0.000078 -2.199300000000001
-0.000078 -2.1212000000000018
-0.00007400000000000001 -2.042200000000001
-0.00007400000000000001 -2.072499999999998
-0.000077 -1.9983999999999966
-0.00007000000000000001 -2.0452000000000012
-0.00007400000000000001 -2.0705000000000027
-0.000075 -2.199300000000001
-0.000077 -2.351300000000002
-0.000083 -2.5542000000000016
-0.000084 -2.729700000000001
-0.000085 -2.828000000000003
-0.000091 -2.957900000000002
-0.000092 -3.0816000000000017
-0.00009599999999999999 -3.1625999999999976
-0.00009599999999999999 -3.236699999999999
-0.000097 -3.3654999999999973
-0.000101 -3.515500000000003
-0.000104 -3.6677000000000035
-0.000107 -3.7944999999999993
-0.00010999999999999999 -3.8979
-0.000113 -3.9973000000000027
-0.000113 -4.121099999999998
-0.00011700000000000001 -4.225499999999997
-0.00012 -4.298499999999997
-0.000123 -4.404899999999998
-0.000124 -4.506300000000003
-0.000125 -4.681800000000003
-0.000131 -4.8104999999999976
-0.000134 -4.985999999999997
-0.000136 -5.112699999999997
-0.000139 -5.135100000000001
-0.000142 -5.315600000000003
-0.000141 -5.3429
-0.000144 -5.442300000000003
-0.000144 -5.571100000000001
-0.000147 -5.5944
-0.000151 -5.667499999999997
-0.00015 -5.7464999999999975
-0.00015 -5.822600000000001
-0.000153 -5.9239999999999995
-0.000153 -6.025399999999998
-0.00015900000000000002 -6.152200000000001
-0.000162 -6.329599999999999
-0.00016400000000000003 -6.380200000000002
-0.000167 -6.532400000000003
-0.000169 -6.608400000000003
-0.00017 -6.782899999999998
-0.00017700000000000002 -6.963099999999997
-0.00017600000000000002 -7.041400000000003
-0.00017700000000000002 -7.115299999999998
-0.00017700000000000002 -7.193399999999997
-0.00017999999999999998 -7.2927000000000035
-0.000182 -7.419600000000003
-0.000186 -7.470300000000002
-0.00018700000000000002 -7.5686000000000035
-0.00018800000000000002 -7.6495999999999995
-0.00018800000000000002 -7.723700000000001
-0.00019 -7.822099999999999
-0.00019099999999999998 -7.875799999999998
-0.000194 -7.999499999999998
-0.000194 -8.024799999999999
-0.00019800000000000002 -8.230699999999999
-0.000197 -8.334000000000003
-0.000202 -8.458799999999997
-0.00020400000000000003 -8.5826
-0.00020500000000000002 -8.683900000000001
-0.000208 -8.762900000000002
-0.000212 -8.889699999999998
-0.000213 -8.9403
-0.000212 -9.067100000000003
-0.000215 -9.1177
-0.000218 -9.244500000000002
-0.00021999999999999998 -9.3459
-0.000222 -9.449300000000001
-0.000222 -9.523200000000003
-0.000224 -9.6723
-0.000228 -9.7515
-0.000228 -9.852800000000002
-0.000232 -9.903500000000001
-0.00023400000000000002 -10.0302
-0.00023300000000000003 -10.055500000000002
-0.00023400000000000002 -10.209600000000002
-0.000236 -10.308999999999997
-0.00024 -10.3568
-0.00024 -10.488399999999999
-0.000243 -10.587800000000001
-0.000245 -10.6406
-0.000245 -10.790700000000001
-0.000248 -10.863599999999998
-0.00025100000000000003 -11.020699999999998
-0.000253 -11.122100000000003
-0.000253 -11.2742
-0.000254 -11.373600000000003
-0.000259 -11.4497
-0.00026 -11.522599999999997
-0.000263 -11.601700000000001
-0.000263 -11.728499999999997
-0.000265 -11.804400000000001
-0.00027 -11.933100000000003
-0.00027 -12.007100000000001
-0.000271 -12.108600000000003
-0.000274 -12.2119
-0.000277 -12.282899999999998
-0.000278 -12.362000000000002
-0.000277 -12.515999999999998
-0.000283 -12.691400000000002
-0.000287 -12.845500000000001
-0.000288 -12.9955
-0.00029 -13.071599999999997
-0.00029 -13.172899999999998
-0.000293 -13.274299999999997
-0.000294 -13.347299999999997
-0.000299 -13.5278
-0.000297 -13.502499999999998
-0.000302 -13.5531
-0.0003 -13.656500000000001
-0.000301 -13.7305
-0.000304 -13.806600000000003
-0.00030700000000000004 -13.859200000000001
-0.00030700000000000004 -13.958599999999997
-0.000312 -14.006300000000003
-0.00030900000000000003 -14.1633
-0.000312 -14.338700000000003
-0.000313 -14.467399999999998
-0.000319 -14.5415
-0.000321 -14.614400000000003
-0.000322 -14.718899999999998
-0.00032599999999999996 -14.845599999999997
-0.00032599999999999996 -14.9439
-0.000324 -15.023000000000003
-0.000329 -15.0991
-0.00032800000000000006 -15.1751
-0.00033099999999999997 -15.222700000000003
-0.000334 -15.354399999999998
-0.000335 -15.5826
-0.00034 -15.8339
-0.000342 -15.9375
-0.00034500000000000004 -16.112700000000004
-0.00035000000000000005 -16.1888
-0.00035200000000000005 -16.2902
-0.00035299999999999996 -16.416799999999995
-0.000356 -16.492900000000006
-0.000356 -16.543499999999995
-0.00035700000000000006 -16.619600000000005
-0.000359 -16.7209
-0.000362 -16.771699999999996
-0.000363 -16.849599999999995
-0.000371 -16.898200000000003
-0.000363 -16.9743
-0.000369 -16.974400000000003
-0.000365 -17.052300000000002
-0.000368 -17.1284
-0.000371 -17.2025
-0.000368 -17.278499999999994
-0.000373 -17.354600000000005
-0.00037400000000000004 -17.430499999999995
-0.00037900000000000005 -17.508499999999998
-0.000378 -17.6605
-0.00038100000000000005 -17.810599999999994
-0.00038899999999999997 -17.9628
-0.000388 -18.086399999999998
-0.000393 -18.2414
-0.000393 -18.344899999999996
-0.00039600000000000003 -18.444199999999995
-0.000399 -18.547700000000006
-0.000399 -18.623500000000007
-0.0004 -18.722899999999996
-0.000402 -18.824299999999994
-0.000402 -18.875
-0.000402 -18.976299999999995
-0.000406 -19.027
-0.000409 -19.155699999999996
-0.00041200000000000004 -19.204400000000007
-0.00041300000000000006 -19.533900000000003
-0.00042 -19.789199999999994
-0.000424 -19.986900000000006
-0.000427 -20.2149
-0.000431 -20.3193
-0.000433 -20.420599999999993
-0.00043999999999999996 -20.4966
-0.00043900000000000005 -20.598100000000002
-0.00044200000000000006 -20.726799999999997
-0.000443 -20.7218
-0.000441 -20.848399999999998
-0.00044200000000000006 -20.876900000000006
-0.000445 -20.927300000000002
-0.00044699999999999997 -21.028899999999993
-0.00044699999999999997 -21.0308
-0.000448 -21.130200000000002
-0.000452 -21.184799999999996
-0.000453 -21.2316
-0.000453 -21.2569
-0.000451 -21.304500000000004
-0.000458 -21.410799999999995
-0.00046100000000000004 -21.484899999999996
-0.000457 -21.583299999999994
-0.00045900000000000004 -21.6087
-0.000462 -21.689700000000002
-0.000465 -21.790999999999997
-0.00046300000000000003 -21.841800000000006
-0.00046699999999999997 -21.942899999999995
-0.000464 -21.991500000000002
-0.00046800000000000005 -22.115300000000005
-0.000473 -22.171099999999996
-0.000473 -22.2958
-0.000472 -22.348399999999998
-0.000475 -22.473100000000002
-0.000479 -22.599800000000002
-0.000479 -22.675600000000003
-0.00048300000000000003 -22.777199999999993
-0.000487 -22.9058
-0.000487 -23.0051
-0.000487 -23.1066
-0.00049 -23.207899999999995
-0.000491 -23.311300000000003
-0.000495 -23.435900000000004
-0.000496 -23.5646
-0.000498 -23.716499999999996
-0.0005020000000000001 -23.891900000000007
-0.000506 -24.018600000000006
-0.000508 -24.120000000000005
-0.000508 -24.221400000000003
-0.0005149999999999999 -24.322599999999994
-0.0005149999999999999 -24.4281
-0.000518 -24.525400000000005
-0.00052 -24.601299999999995
-0.000522 -24.652100000000004
-0.000522 -24.753500000000003
-0.000524 -24.829400000000007
-0.000527 -24.9307
-0.000523 -25.034099999999995
-0.000528 -25.184200000000004
-0.000533 -25.361500000000007
-0.0005340000000000001 -25.459900000000005
-0.000535 -25.591499999999996
-0.000537 -25.713300000000004
-0.00054 -25.792199999999994
-0.000543 -25.8681
-0.000545 -26.045699999999997
-0.000546 -26.067899999999995
-0.000546 -26.123500000000007
-0.000547 -26.224800000000002
-0.000549 -26.321399999999997
-0.000553 -26.371799999999993
-0.000557 -26.4478
-0.000552 -26.526899999999998
-0.000558 -26.706199999999995
-0.000564 -26.908900000000003
-0.000563 -26.9829
-0.000568 -27.157200000000003
-0.000571 -27.236199999999997
-0.000571 -27.312299999999993
-0.000572 -27.464299999999994
-0.000575 -27.5402
-0.000572 -27.590900000000005
-0.000576 -27.714600000000004
-0.000574 -27.742900000000006
-0.000582 -27.844300000000004
-0.000583 -27.896900000000002
-0.000585 -28.0235
-0.000584 -28.148300000000006
-0.000588 -28.2517
-0.00059 -28.297200000000004
-0.000593 -28.423900000000003
-0.000594 -28.504900000000006
-0.0005949999999999999 -28.6267
-0.0005960000000000001 -28.705699999999993
-0.000599 -28.882999999999996
-0.000602 -28.984300000000005
-0.000607 -29.113
-0.000607 -29.262900000000002
-0.0006090000000000001 -29.366299999999995
-0.0006090000000000001 -29.462599999999995
-0.0006140000000000001 -29.6177
-0.0006140000000000001 -29.589299999999994
-0.000619 -29.7718
-0.000619 -29.822199999999995
-0.00062 -29.948899999999995
-0.00062 -29.948800000000006
-0.00062 -30.075500000000005
-0.000624 -30.151700000000005
-0.0006270000000000001 -30.197199999999995
-0.0006270000000000001 -30.2509
-0.000628 -30.3288
-0.00063 -30.428200000000004
-0.00063 -30.5295
-0.000635 -30.580200000000005
-0.000634 -30.7068
-0.0006360000000000001 -30.810199999999995
-0.0006360000000000001 -30.962199999999996
-0.00064 -31.086699999999993
-0.000644 -31.2136
-0.0006510000000000001 -31.314800000000005
-0.0006450000000000001 -31.3908
-0.0006490000000000001 -31.4687
-0.000648 -31.595399999999998
-0.0006490000000000001 -31.669399999999996
-0.0006569999999999999 -31.796300000000002
-0.000658 -31.950199999999995
-0.000661 -32.024100000000004
-0.000661 -32.150800000000004
-0.000665 -32.2775
-0.000666 -32.325199999999995
-0.000668 -32.4567
-0.00067 -32.581500000000005
-0.000671 -32.6322
-0.000671 -32.7608
-0.000675 -32.8571
-0.000678 -33.06270000000001
-0.000677 -33.164100000000005
-0.000681 -33.214600000000004
-0.000683 -33.341300000000004
-0.000686 -33.444599999999994
-0.0006850000000000001 -33.54600000000001
-0.000689 -33.594800000000006
-0.0006900000000000001 -33.6452
-0.000692 -33.7465
-0.0006940000000000001 -33.8227
-0.0006950000000000001 -33.8985
-0.000693 -33.99979999999999
-0.0006950000000000001 -34.098200000000006
-0.0007000000000000001 -34.151799999999994
-0.0007030000000000001 -34.3545
-0.0007059999999999999 -34.531800000000004
-0.0007090000000000001 -34.711
-0.0007090000000000001 -34.886300000000006
-0.000717 -34.9876
-0.000717 -35.089
-0.000718 -35.1901
-0.0007199999999999999 -35.238
-0.000723 -35.3421
-0.000723 -35.468900000000005
-0.000725 -35.494200000000006
-0.000726 -35.5449
-0.000726 -35.5954
-0.000728 -35.696799999999996
-0.00073 -35.800200000000004
-0.000733 -35.8742
-0.000733 -35.8995
-0.000732 -36.0261
-0.000735 -36.051500000000004
-0.000735 -36.1275
-0.000737 -36.180099999999996
-0.00074 -36.279300000000006
-0.0007430000000000001 -36.3809
-0.000745 -36.456900000000005
-0.000745 -36.5834
-0.000745 -36.686800000000005
-0.00075 -36.836600000000004
-0.000756 -37.01090000000001
-0.000756 -37.0898
-0.000756 -37.2167
-0.0007610000000000001 -37.292500000000004
-0.0007620000000000001 -37.419
-0.000759 -37.495000000000005
-0.0007639999999999999 -37.5733
-0.0007660000000000001 -37.6695
-0.0007670000000000001 -37.723
-0.00077 -37.796099999999996
-0.000774 -38.0818
-0.0007779999999999999 -38.560900000000004
-0.000785 -38.8648
-0.000789 -39.090599999999995
-0.0007920000000000001 -39.217299999999994
-0.000798 -39.31870000000001
-0.000798 -39.394499999999994
-0.000795 -39.39149999999999
-0.000797 -39.4473
-0.0008010000000000001 -39.4704
-0.000803 -39.52119999999999
-0.000803 -39.54859999999999
-0.0008010000000000001 -39.57170000000001
-0.0008010000000000001 -39.6224
-0.000802 -39.670199999999994
-0.000804 -39.7239
-0.000804 -39.77460000000001
-0.000807 -39.7996
-0.000808 -39.8758
-0.000807 -39.95569999999999
-0.000807 -40.024699999999996
-0.000808 -40.027699999999996
-0.0008110000000000001 -40.129000000000005
-0.000814 -40.205
-0.0008150000000000001 -40.303399999999996
-0.000817 -40.358900000000006
-0.000817 -40.432900000000004
-0.0008190000000000001 -40.509
-0.0008219999999999999 -40.6101
-0.0008250000000000001 -40.736999999999995
-0.0008260000000000001 -40.8381
-0.0008260000000000001 -40.865399999999994
-0.0008269999999999999 -40.966800000000006
-0.000828 -41.09139999999999
-0.0008309999999999999 -41.167500000000004
-0.000832 -41.294
-0.000834 -41.422700000000006
-0.0008359999999999999 -41.49850000000001
-0.000838 -41.6232
-0.000842 -41.724500000000006
-0.000843 -41.8227
-0.000845 -41.9221
-0.000843 -42.053799999999995
-0.000847 -42.106300000000005
-0.000849 -42.233000000000004
-0.000851 -42.3579
-0.000851 -42.4337
-0.000854 -42.509600000000006
-0.000857 -42.6635
-0.000858 -42.714
-0.00086 -42.916700000000006
-0.0008640000000000001 -43.0385
-0.000866 -43.1682
-0.0008690000000000001 -43.215500000000006
-0.000871 -43.3197
-0.0008740000000000001 -43.44840000000001
-0.000871 -43.5223
-0.000876 -43.5985
-0.0008780000000000001 -43.6742
-0.0008780000000000001 -43.8261
-0.000881 -43.9276
-0.0008849999999999999 -44.0814
-0.0008849999999999999 -44.206
-0.00089 -44.360200000000006
-0.000892 -44.434
-0.000893 -44.6112
-0.000895 -44.664
-0.000896 -44.788399999999996
-0.0009 -44.889799999999994
-0.0009 -44.9406
-0.000902 -45.041700000000006
-0.000906 -45.14
-0.000904 -45.1956
-0.000907 -45.271699999999996
-0.000906 -45.3711
-0.0009080000000000001 -45.42359999999999
-0.0009130000000000001 -45.6262
-0.0009180000000000001 -45.9787
-0.000929 -46.206500000000005
-0.0009270000000000001 -46.333
-0.000929 -46.4851
-0.000929 -46.586299999999994
-0.00093 -46.687799999999996
-0.0009350000000000001 -46.76349999999999
-0.0009329999999999999 -46.8394
-0.0009370000000000001 -46.890100000000004
-0.0009379999999999999 -46.9885
-0.000939 -47.042100000000005
-0.00094 -47.08969999999999
-0.0009429999999999999 -47.117999999999995
-0.000944 -47.143299999999996
-0.0009420000000000001 -47.244600000000005
-0.000944 -47.371300000000005
-0.000947 -47.3986
-0.000949 -47.4443
-0.00095 -47.548500000000004
-0.000952 -47.5736
-0.000951 -47.675
-0.000954 -47.7227
-0.000955 -47.827
-0.000956 -47.8776
-0.000957 -47.97880000000001
-0.000959 -48.0295
-0.000959 -48.158199999999994
-0.000962 -48.2017
-0.000962 -48.2846
-0.0009660000000000001 -48.3609
-0.000969 -48.51049999999999
-0.000969 -48.6138
-0.000968 -48.687799999999996
-0.0009710000000000001 -48.789199999999994
-0.000974 -48.887299999999996
-0.0009760000000000001 -49.064499999999995
-0.000979 -49.168800000000005
-0.000981 -49.320899999999995
-0.000985 -49.474599999999995
-0.000987 -49.624700000000004
-0.00099 -49.700500000000005
-0.000992 -49.776399999999995
-0.000993 -49.87779999999999
-0.000995 -49.9303
-0.000993 -50.0801
-0.000997 -50.131
-0.001 -50.2068
-0.0010040000000000001 -50.38420000000001
-0.001007 -50.5633
-0.001006 -50.689800000000005
-0.0010090000000000001 -50.843599999999995
-0.001012 -50.966300000000004
-0.001012 -51.0423
-0.001015 -51.0646
-0.0010199999999999999 -51.145300000000006
-0.001018 -51.322500000000005
-0.0010190000000000002 -51.3207
-0.0010199999999999999 -51.45140000000001
-0.0010240000000000002 -51.550399999999996
-0.001027 -51.599199999999996
-0.0010299999999999999 -51.675
-0.001027 -51.7257
-0.001028 -51.82899999999999
-0.001032 -51.950500000000005
-0.001035 -52.158
-0.001038 -52.30800000000001
-0.001042 -52.459999999999994
-0.001043 -52.614000000000004
-0.001043 -52.69
-0.001045 -52.816
-0.001049 -52.89
-0.001052 -52.965999999999994
-0.0010530000000000001 -53.042
-0.001055 -53.093
-0.001055 -53.196
-0.001057 -53.266999999999996
-0.00106 -53.343
-0.001059 -53.42400000000001
-0.001061 -53.471999999999994
-0.001061 -53.57599999999999
-0.001064 -53.650000000000006
-0.001067 -53.7
-0.0010680000000000002 -53.824
-0.00107 -53.928
-0.001072 -54.057
-0.001074 -54.206999999999994
-0.001077 -54.361000000000004
-0.0010760000000000001 -54.459999999999994
-0.00108 -54.56100000000001
-0.001084 -54.638999999999996
-0.001085 -54.688
-0.001087 -54.791
-0.001085 -54.917
-0.00109 -54.991
-0.001092 -55.06699999999999
-0.001095 -55.194
-0.001097 -55.295
-0.001098 -55.423
-0.001099 -55.57299999999999
-0.001101 -55.67700000000001
-0.001104 -55.778000000000006
-0.0011070000000000001 -55.876999999999995
-0.001109 -55.953
-0.001109 -56.006
-0.001112 -56.129999999999995
-0.001114 -56.206
-0.001116 -56.30500000000001
-0.001119 -56.411
-0.001119 -56.535
-0.001122 -56.662000000000006
-0.001123 -56.788
-0.0011250000000000001 -56.94
-0.001128 -57.016000000000005
-0.001129 -57.06399999999999
-0.001132 -57.168000000000006
-0.001132 -57.271
-0.0011330000000000001 -57.370999999999995
-0.001134 -57.418000000000006
-0.001138 -57.522999999999996
-0.001137 -57.598
-0.001138 -57.67400000000001
-0.0011400000000000002 -57.777
-0.001145 -57.929
-0.0011459999999999999 -58.105000000000004
-0.001151 -58.233000000000004
-0.001154 -58.331999999999994
-0.001156 -58.488
-0.001154 -58.535
-0.001156 -58.584999999999994
-0.001158 -58.712
-0.00116 -58.813
-0.001161 -58.864000000000004
-0.001162 -58.962
-0.001164 -59.016000000000005
-0.001164 -59.092
-0.001167 -59.169
-0.00117 -59.242999999999995
-0.001173 -59.397000000000006
-0.0011740000000000001 -59.522000000000006
-0.001175 -59.650000000000006
-0.0011790000000000001 -59.82599999999999
-0.00118 -59.900999999999996
-0.0011840000000000002 -60.
-0.001186 -60.129000000000005
-0.0011870000000000001 -60.155
-0.0011890000000000002 -60.283
-0.0011949999999999999 -60.357
-0.001191 -60.458
-0.0011920000000000001 -60.483999999999995
-0.0011940000000000002 -60.611999999999995
-0.0011949999999999999 -60.663
-0.001197 -60.762
-0.001198 -60.864999999999995
-0.001203 -61.068
-0.001206 -61.19199999999999
-0.001208 -61.343999999999994
-0.00121 -61.495999999999995
-0.001211 -61.623999999999995
-0.001213 -61.724000000000004
-0.001217 -61.775999999999996
-0.0012180000000000001 -61.849999999999994
-0.001221 -61.923
-0.001221 -62.027
-0.001224 -62.104
-0.001226 -62.153999999999996
-0.001226 -62.257000000000005
-0.001229 -62.331
-0.001231 -62.407
-0.0012330000000000002 -62.510000000000005
-0.0012330000000000002 -62.56100000000001
-0.001235 -62.66
-0.001235 -62.685
-0.001239 -62.864999999999995
-0.001242 -63.013999999999996
-0.001242 -63.141000000000005
-0.0012460000000000001 -63.266999999999996
-0.001247 -63.367999999999995
-0.001248 -63.467
-0.001253 -63.622
-0.001252 -63.647000000000006
-0.001253 -63.75
-0.0012540000000000001 -63.82599999999999
-0.001256 -63.900000000000006
-0.001257 -64.027
-0.001261 -64.052
-0.001263 -64.153
-0.0012640000000000001 -64.254
-0.001268 -64.433
-0.001271 -64.534
-0.0012720000000000001 -64.659
-0.0012770000000000001 -64.786
-0.0012770000000000001 -64.861
-0.001278 -64.939
-0.0012790000000000002 -65.061
-0.0012790000000000002 -65.064
-0.001281 -65.19
-0.001284 -65.292
-0.0012870000000000002 -65.395
-0.0012939999999999998 -65.494
-0.001288 -65.57
-0.0012920000000000002 -65.749
-0.0012970000000000002 -65.949
-0.0013000000000000002 -66.101
-0.0013030000000000001 -66.228
-0.0013050000000000002 -66.329
-0.0013059999999999999 -66.483
-0.0013089999999999998 -66.557
-0.001313 -66.607
-0.001315 -66.683
-0.001316 -66.759
-0.0013189999999999999 -66.857
-0.0013189999999999999 -66.963
-0.001322 -66.988
-0.001323 -67.063
-0.0013239999999999999 -67.164
-0.001325 -67.214
-0.001325 -67.29
-0.001326 -67.368
-0.001328 -67.442
-0.001328 -67.518
-0.00133 -67.645
-0.001334 -67.721
-0.001335 -67.771
-0.001337 -67.872
-0.001339 -68.024
-0.001343 -68.176
-0.001346 -68.378
-0.00135 -68.454
-0.00135 -68.606
-0.001351 -68.707
-0.001353 -68.808
-0.001358 -68.935
-0.001359 -68.957
-0.00136 -69.061
-0.001361 -69.137
-0.001362 -69.213
-0.001364 -69.264
-0.0013650000000000001 -69.387
-0.001367 -69.466
-0.001366 -69.569
-0.001372 -69.62
-0.001372 -69.719
-0.001376 -69.842
-0.0013800000000000002 -69.997
-0.0013800000000000002 -70.174
-0.001384 -70.25
-0.001386 -70.377
-0.0013880000000000001 -70.452
-0.001389 -70.528
-0.0013900000000000002 -70.604
-0.001394 -70.756
-0.0013950000000000002 -70.834
-0.001396 -70.933
-0.001397 -70.96
-0.001399 -71.085
-0.001402 -71.137
-0.0014050000000000002 -71.284
-0.001409 -71.439
-0.001409 -71.567
-0.0014140000000000001 -71.717
-0.0014149999999999998 -71.843
-0.0014169999999999999 -71.945
-0.0014169999999999999 -71.992
-0.0014180000000000002 -72.046
-0.0014219999999999999 -72.172
-0.001424 -72.271
-0.0014249999999999998 -72.4
-0.001426 -72.476
-0.001429 -72.526
-0.001431 -72.65
-0.0014349999999999999 -72.78
-0.001434 -72.832
-0.001438 -72.906
-0.0014399999999999999 -72.979
-0.0014399999999999999 -73.083
-0.001443 -73.209
-0.001446 -73.308
-0.001446 -73.384
-0.001448 -73.49
-0.001448 -73.614
-0.001451 -73.69
-0.001453 -73.766
-0.001453 -73.894
-0.001455 -74.021
-0.001458 -74.095
-0.001459 -74.196
-0.001464 -74.299
-0.001465 -74.398
-0.001466 -74.527
-0.001467 -74.626
-0.0014680000000000001 -74.749
-0.001476 -74.853
-0.001477 -74.926
-0.001476 -75.005
-0.001477 -75.108
-0.001477 -75.258
-0.001479 -75.359
-0.001483 -75.435
-0.001483 -75.536
-0.001487 -75.614
-0.001488 -75.739
-0.001488 -75.865
-0.001489 -75.966
-0.001494 -76.069
-0.001495 -76.143
-0.001498 -76.297
-0.0015010000000000002 -76.347
-0.0015 -76.469
-0.001502 -76.548
-0.001502 -76.624
-0.001503 -76.674
-0.0015060000000000002 -76.775
-0.0015090000000000001 -76.929
-0.0015090000000000001 -77.005
-0.001513 -77.101
-0.001515 -77.258
-0.0015170000000000001 -77.382
-0.0015190000000000002 -77.458
-0.0015210000000000002 -77.536
-0.001523 -77.688
-0.001525 -77.787
-0.0015240000000000002 -77.837
-0.0015290000000000002 -77.939
-0.0015290000000000002 -77.966
-0.0015320000000000002 -78.115
-0.0015310000000000002 -78.242
-0.0015340000000000002 -78.315
-0.0015359999999999998 -78.419
-0.0015379999999999999 -78.52
-0.0015409999999999998 -78.598
-0.0015409999999999998 -78.724
-0.0015429999999999999 -78.823
-0.001545 -78.947
-0.001547 -78.997
-0.00155 -79.127
-0.00155 -79.228
-0.001553 -79.301
-0.001555 -79.43
-0.001557 -79.554
-0.001562 -79.632
-0.001562 -79.733
-0.001564 -79.809
-0.001565 -79.885
-0.001568 -80.03399999999999
-0.001565 -80.138
-0.001568 -80.214
-0.001572 -80.34100000000001
-0.001573 -80.416
-0.001575 -80.519
-0.001575 -80.61500000000001
-0.00158 -80.719
-0.00158 -80.82
-0.001583 -80.922
-0.001587 -81.076
-0.001587 -81.17699999999999
-0.00159 -81.30099999999999
-0.001593 -81.37700000000001
-0.001595 -81.47800000000001
-0.001595 -81.525
-0.001599 -81.68
-0.0016020000000000001 -81.75800000000001
-0.0016020000000000001 -81.857
-0.0016070000000000001 -81.90700000000001
-0.001609 -82.03399999999999
-0.001609 -82.161
-0.0016120000000000002 -82.25899999999999
-0.001613 -82.388
-0.0016120000000000002 -82.489
-0.001618 -82.49100000000001
-0.001618 -82.638
-0.0016200000000000001 -82.769
-0.0016220000000000002 -82.82
-0.001624 -82.969
-0.001626 -83.02000000000001
-0.001629 -83.14599999999999
-0.0016300000000000002 -83.197
-0.001631 -83.345
-0.0016350000000000002 -83.477
-0.001636 -83.525
-0.0016380000000000001 -83.62799999999999
-0.0016389999999999998 -83.702
-0.0016420000000000002 -83.804
-0.001646 -83.85400000000001
-0.001646 -83.97999999999999
-0.0016480000000000002 -84.078
-0.0016500000000000002 -84.21000000000001
-0.0016539999999999999 -84.309
-0.001656 -84.435
-0.001656 -84.48599999999999
-0.0016589999999999999 -84.637
-0.001658 -84.715
-0.001661 -84.75999999999999
-0.001661 -84.88999999999999
-0.001663 -84.99100000000001
-0.0016669999999999999 -85.09200000000001
-0.001669 -85.244
-0.001671 -85.37200000000001
-0.001673 -85.446
-0.0016719999999999999 -85.547
-0.001675 -85.648
-0.001679 -85.69800000000001
-0.001682 -85.751
-0.001683 -85.92599999999999
-0.001684 -86.029
-0.001688 -86.10300000000001
-0.001689 -86.28
-0.001691 -86.30699999999999
-0.001694 -86.43299999999999
-0.001693 -86.56
-0.001692 -86.63
-0.001699 -86.709
-0.001697 -86.886
-0.001701 -86.911
-0.001701 -87.013
-0.001703 -87.088
-0.0017050000000000001 -87.24000000000001
-0.001707 -87.363
-0.001709 -87.41900000000001
-0.001712 -87.543
-0.0017150000000000002 -87.64599999999999
-0.0017150000000000002 -87.72200000000001
-0.001716 -87.89699999999999
-0.001721 -87.94900000000001
-0.001725 -88.023
-0.001726 -88.09899999999999
-0.0017280000000000002 -88.19999999999999
-0.0017310000000000001 -88.352
-0.0017330000000000002 -88.44999999999999
-0.0017360000000000001 -88.554
-0.001737 -88.654
-0.00174 -88.781
-0.001739 -88.80799999999999
-0.0017380000000000002 -88.88399999999999
-0.0017410000000000001 -89.00899999999999
-0.001742 -89.11000000000001
-0.001747 -89.16
-0.0017560000000000002 -89.286
-0.0017510000000000002 -89.44
-0.0017540000000000001 -89.589
-0.0017549999999999998 -89.66499999999999
-0.0017590000000000001 -89.84200000000001
-0.0017610000000000002 -89.918
-0.001764 -89.94300000000001
-0.0017630000000000002 -90.019
-0.001767 -90.14500000000001
-0.0017680000000000003 -90.221
-0.001772 -90.34700000000001
-0.001772 -90.398
-0.001774 -90.476
-0.001776 -90.6
-0.00178 -90.751
-0.00178 -90.88
-0.001782 -90.951
-0.001785 -91.031
-0.001786 -91.13
-0.001789 -91.257
-0.001789 -91.333
-0.001792 -91.40799999999999
-0.001794 -91.507
-0.001794 -91.58500000000001
-0.001796 -91.636
-0.001797 -91.78899999999999
-0.001798 -91.939
-0.001801 -91.989
-0.001804 -92.14099999999999
-0.001807 -92.21700000000001
-0.001808 -92.34299999999999
-0.001809 -92.44399999999999
-0.00181 -92.495
-0.001812 -92.62299999999999
-0.0018160000000000001 -92.719
-0.001818 -92.79499999999999
-0.001819 -92.84800000000001
-0.001823 -92.97399999999999
-0.001827 -93.15299999999999
-0.0018260000000000001 -93.25
-0.001828 -93.35499999999999
-0.0018290000000000001 -93.404
-0.00183 -93.53
-0.001833 -93.608
-0.001833 -93.73400000000001
-0.0018340000000000001 -93.856
-0.0018390000000000001 -93.88399999999999
-0.00184 -93.98500000000001
-0.001842 -94.137
-0.0018440000000000002 -94.24000000000001
-0.0018470000000000001 -94.28800000000001
-0.001848 -94.43700000000001
-0.0018520000000000001 -94.51599999999999
-0.001856 -94.61600000000001
-0.001856 -94.69200000000001
-0.001858 -94.793
-0.00186 -94.894
-0.001863 -95.02000000000001
-0.0018670000000000002 -95.119
-0.0018679999999999999 -95.275
-0.0018679999999999999 -95.32499999999999
-0.0018690000000000002 -95.42599999999999
-0.0018709999999999998 -95.55000000000001
-0.001875 -95.679
-0.001875 -95.727
-0.0018759999999999998 -95.87899999999999
-0.0018820000000000002 -96.03299999999999
-0.001885 -96.106
-0.0018859999999999999 -96.207
-0.001887 -96.28299999999999
-0.00189 -96.381
-0.0018890000000000003 -96.40899999999999
-0.001893 -96.48500000000001
-0.001894 -96.588
-0.001898 -96.66399999999999
-0.001898 -96.811
-0.001902 -96.91499999999999
-0.001904 -97.01599999999999
-0.001906 -97.09100000000001
-0.001906 -97.19399999999999
-0.00191 -97.268
-0.0019089999999999999 -97.37100000000001
-0.001912 -97.44200000000001
-0.001914 -97.571
-0.001915 -97.69900000000001
-0.001917 -97.80000000000001
-0.00192 -97.899
-0.001922 -97.99700000000001
-0.001924 -98.15199999999999
-0.001925 -98.22800000000001
-0.001929 -98.303
-0.001931 -98.404
-0.0019320000000000001 -98.53200000000001
-0.001934 -98.606
-0.001939 -98.707
-0.00194 -98.805
-0.0019420000000000001 -98.934
-0.0019450000000000001 -99.00999999999999
-0.001944 -99.06
-0.0019470000000000002 -99.18700000000001
-0.0019500000000000001 -99.31299999999999
-0.001953 -99.439
-0.001954 -99.542
-0.001957 -99.59
-0.001957 -99.69200000000001
-0.00196 -99.81800000000001
-0.001965 -99.91900000000001
-0.001963 -100.02000000000001
-0.001966 -100.096
-0.001966 -100.173
-0.001967 -100.298
-0.001972 -100.39599999999999
-0.001972 -100.47399999999999
-0.001975 -100.576
-0.001978 -100.727
-0.00198 -100.828
-0.001983 -100.87799999999999
-0.001987 -101.03
-0.001993 -101.106
-0.001994 -101.28200000000001
-0.001996 -101.434
-0.001998 -101.46100000000001
-0.002001 -101.63499999999999
-0.002004 -101.71199999999999
-0.002004 -101.78399999999999
-0.002002 -101.863
-0.0020050000000000003 -101.91300000000001
-0.002006 -102.01599999999999
-0.002009 -102.09
-0.0020080000000000002 -102.14099999999999
-0.002013 -102.21600000000001
-0.0020150000000000003 -102.34200000000001
-0.0020180000000000003 -102.471
-0.002022 -102.62200000000001
-0.002023 -102.696
-0.0020250000000000003 -102.84800000000001
-0.0020310000000000003 -102.91999999999999
-0.0020310000000000003 -102.999
-0.002035 -103.1
-0.0020380000000000003 -103.201
-0.0020380000000000003 -103.27699999999999
-0.002042 -103.352
-0.002043 -103.476
-0.002045 -103.555
-0.0020480000000000003 -103.632
-0.002056 -103.78200000000001
-0.0020499999999999997 -103.88
-0.002052 -104.011
-0.002056 -104.136
-0.002057 -104.209
-0.002059 -104.31299999999999
-0.002062 -104.38900000000001
-0.002063 -104.489
-0.002065 -104.59200000000001
-0.002068 -104.666
-0.002071 -104.81800000000001
-0.002074 -104.91900000000001
-0.002076 -105.02199999999999
-0.002078 -105.095
-0.002083 -105.17099999999999
-0.002084 -105.32
-0.002085 -105.39500000000001
-0.002088 -105.525
-0.002091 -105.57499999999999
-0.002092 -105.69800000000001
-0.002092 -105.799
-0.002099 -105.90299999999999
-0.0021 -106.00399999999999
-0.002103 -106.102
-0.0021060000000000002 -106.18199999999999
-0.0021060000000000002 -106.28399999999999
-0.00211 -106.38300000000001
-0.002113 -106.50899999999999
-0.002115 -106.582
-0.002118 -106.66
-0.0021160000000000003 -106.787
-0.00212 -106.93799999999999
-0.002124 -106.988
-0.002125 -107.089
-0.002128 -107.19200000000001
-0.002128 -107.28999999999999
-0.002133 -107.392
-0.002133 -107.493
-0.002133 -107.619
-0.0021360000000000003 -107.71600000000001
-0.002137 -107.821
-0.0021420000000000002 -107.94900000000001
-0.002143 -107.99700000000001
-0.002145 -108.125
-0.002147 -108.25
-0.00215 -108.327
-0.00215 -108.40199999999999
-0.002153 -108.476
-0.0021550000000000002 -108.57900000000001
-0.0021560000000000004 -108.678
-0.00216 -108.832
-0.00216 -108.93100000000001
-0.002164 -109.054
-0.002164 -109.107
-0.0021690000000000004 -109.23500000000001
-0.002172 -109.30600000000001
-0.002175 -109.38499999999999
-0.002177 -109.48599999999999
-0.002179 -109.536
-0.002183 -109.662
-0.002186 -109.763
-0.002191 -109.94
-0.002193 -110.01499999999999
-0.002196 -110.11600000000001
-0.002199 -110.21700000000001
-0.0022 -110.267
-0.0022 -110.41900000000001
-0.002203 -110.41900000000001
-0.002206 -110.54499999999999
-0.002206 -110.67099999999999
-0.002211 -110.74700000000001
-0.00221 -110.898
-0.002213 -111.019
-0.0022170000000000002 -111.15
-0.002219 -111.17500000000001
-0.002221 -111.32400000000001
-0.002225 -111.37799999999999
-0.0022270000000000002 -111.505
-0.0022270000000000002 -111.60400000000001
-0.002231 -111.65700000000001
-0.002229 -111.727
-0.002233 -111.87899999999999
-0.002236 -112.007
-0.002238 -112.08699999999999
-0.002239 -112.184
-0.002242 -112.285
-0.002243 -112.41300000000001
-0.002248 -112.483
-0.002249 -112.589
-0.002252 -112.689
-0.002255 -112.76499999999999
-0.002256 -112.88900000000001
-0.002259 -113.01499999999999
-0.002262 -113.065
-0.002265 -113.167
-0.0022670000000000004 -113.269
-0.0022670000000000004 -113.41900000000001
-0.002272 -113.494
-0.002274 -113.64599999999999
-0.0022789999999999998 -113.696
-0.0022800000000000003 -113.77199999999999
-0.0022819999999999997 -113.85
-0.0022819999999999997 -113.97300000000001
-0.002285 -114.071
-0.002287 -114.149
-0.0022919999999999998 -114.326
-0.002294 -114.40100000000001
-0.002297 -114.50399999999999
-0.002301 -114.63
-0.002301 -114.70400000000001
-0.002304 -114.77600000000001
-0.002307 -114.906
-0.002309 -114.981
-0.002309 -115.084
-0.002312 -115.208
-0.002317 -115.309
-0.00232 -115.38499999999999
-0.00232 -115.46000000000001
-0.002324 -115.56299999999999
-0.002328 -115.638
-0.00233 -115.78899999999999
-0.002332 -115.863
-0.0023350000000000003 -115.939
-0.00234 -116.118
-0.002341 -116.292
-0.002346 -116.47
-0.0023480000000000003 -116.56899999999999
-0.0023510000000000002 -116.66999999999999
-0.002354 -116.72
-0.002357 -116.79599999999999
-0.0023580000000000003 -116.922
-0.0023580000000000003 -116.999
-0.0023580000000000003 -117.07300000000001
-0.0023580000000000003 -117.15100000000001
-0.002364 -117.17599999999999
-0.002366 -117.249
-0.002366 -117.32499999999999
-0.002369 -117.37700000000001
-0.0023710000000000003 -117.49799999999999
-0.0023710000000000003 -117.549
-0.0023740000000000002 -117.703
-0.0023810000000000003 -117.826
-0.002386 -117.957
-0.002387 -118.13300000000001
-0.0023899999999999998 -118.25999999999999
-0.002401 -118.33000000000001
-0.002396 -118.40799999999999
-0.002396 -118.48400000000001
-0.002399 -118.56
-0.002401 -118.638
-0.002404 -118.73599999999999
-0.002407 -118.83699999999999
-0.002408 -118.912
-0.002411 -119.01599999999999
-0.0024129999999999998 -119.06299999999999
-0.002414 -119.19200000000001
-0.002419 -119.316
-0.002421 -119.44200000000001
-0.002425 -119.56800000000001
-0.002426 -119.719
-0.002431 -119.77199999999999
-0.002432 -119.87200000000001
-0.002434 -119.946
-0.0024360000000000002 -120.047
-0.002443 -120.119
-0.002444 -120.24799999999999
-0.002445 -120.32400000000001
-0.00245 -120.477
-0.002452 -120.601
-0.0024560000000000003 -120.67699999999999
-0.002458 -120.803
-0.00246 -120.87799999999999
-0.002465 -120.95400000000001
-0.002465 -121.05600000000001
-0.0024690000000000003 -121.13
-0.0024720000000000002 -121.22999999999999
-0.002473 -121.32900000000001
-0.002474 -121.46000000000001
-0.00248 -121.55799999999999
-0.002481 -121.684
-0.002484 -121.75899999999999
-0.002486 -121.882
-0.0024920000000000003 -122.011
-0.002494 -122.112
-0.002497 -122.162
-0.0025 -122.239
-0.0025030000000000005 -122.338
-0.0025069999999999997 -122.464
-0.00251 -122.51599999999999
-0.002512 -122.63900000000001
-0.0025180000000000003 -122.86600000000001
-0.002522 -122.96799999999999
-0.0025269999999999997 -123.06700000000001
-0.002535 -123.142
-0.00254 -123.29499999999999
-0.0025440000000000003 -123.37
-0.00255 -123.418
-0.002552 -123.495
-0.0025540000000000003 -123.59299999999999
-0.0025580000000000004 -123.63999999999999
-0.00256 -123.744
-0.002562 -123.769
-0.002568 -123.89599999999999
-0.002576 -124.019
-0.002575 -124.072
-0.002581 -124.19200000000001
-0.002587 -124.39699999999999
-0.0025940000000000004 -124.57400000000001
-0.0025979999999999996 -124.65
-0.002605 -124.775
-0.0026079999999999996 -124.898
-0.002613 -124.971
-0.0026179999999999997 -125.07400000000001
-0.002621 -125.149
-0.002623 -125.22800000000001
-0.00263 -125.298
-0.002632 -125.39500000000001
-0.002633 -125.49700000000001
-0.002637 -125.54499999999999
-0.00264 -125.648
-0.002646 -125.695
-0.0026479999999999997 -125.79599999999999
-0.002653 -125.893
-0.002654 -125.97200000000001
-0.00266 -126.047
-0.0026650000000000003 -126.148
-0.002666 -126.22300000000001
-0.00267 -126.299
-0.002674 -126.44999999999999
-0.002678 -126.601
-0.002686 -126.67599999999999
-0.00269 -126.77600000000001
-0.002693 -126.904
-0.0026989999999999996 -127.00299999999999
-0.0027010000000000003 -127.12899999999999
-0.0027050000000000004 -127.20400000000001
-0.0027089999999999996 -127.281
-0.002714 -127.38
-0.0027129999999999997 -127.50800000000001
-0.002718 -127.583
-0.0027229999999999997 -127.732
-0.0027229999999999997 -127.881
-0.0027289999999999997 -127.98599999999999
-0.0027289999999999997 -127.98400000000001
-0.002736 -128.136
-0.002737 -128.212
-0.002741 -128.31
-0.0027450000000000005 -128.408
-0.002747 -128.534
-0.002751 -128.587
-0.002753 -128.662
-0.002758 -128.836
-0.002763 -128.89
-0.002767 -129.065
-0.002772 -129.14
-0.002772 -129.216
-0.002777 -129.318
-0.0027800000000000004 -129.467
-0.002783 -129.568
-0.002789 -129.668
-0.0027900000000000004 -129.744
-0.002793 -129.819
-0.0027960000000000003 -129.896
-0.002797 -129.972
-0.002798 -130.121
-0.002804 -130.247
-0.002808 -130.423
-0.0028100000000000004 -130.499
-0.002813 -130.624
-0.002817 -130.699
-0.002819 -130.8
-0.002823 -130.821
-0.0028260000000000004 -130.897
-0.0028280000000000002 -131.026
-0.002831 -131.078
-0.002833 -131.176
-0.0028360000000000004 -131.251
-0.0028399999999999996 -131.375
-0.0028439999999999997 -131.478
-0.002847 -131.629
-0.0028499999999999997 -131.707
-0.002853 -131.83
-0.002857 -131.927
-0.002857 -132.008
-0.0028610000000000003 -132.131
-0.002867 -132.258
-0.0028710000000000003 -132.309
-0.002872 -132.407
-0.002876 -132.508
-0.002878 -132.583
-0.002892 -132.759
-0.0028870000000000002 -132.832
-0.0028910000000000003 -132.939
-0.002894 -133.058
-0.0028970000000000003 -133.136
-0.002902 -133.236
-0.002903 -133.309
-0.002906 -133.412
-0.002908 -133.487
-0.00291 -133.587
-0.002912 -133.688
-0.002916 -133.811
-0.0029210000000000004 -133.914
-0.002924 -134.04
-0.0029270000000000003 -134.117
-0.002929 -134.212
-0.0029330000000000003 -134.341
-0.0029370000000000004 -134.416
-0.0029409999999999996 -134.513
-0.0029430000000000003 -134.593
-0.0029470000000000004 -134.692
-0.0029509999999999996 -134.87
-0.002952 -134.968
-0.0029570000000000004 -135.069
-0.00296 -135.119
-0.0029630000000000004 -135.194
-0.0029649999999999998 -135.319
-0.002968 -135.399
-0.0029709999999999997 -135.467
-0.002973 -135.593
-0.002978 -135.668
-0.002983 -135.824
-0.002986 -135.949
-0.0029920000000000003 -136.048
-0.002996 -136.201
-0.002997 -136.223
-0.0030020000000000003 -136.349
-0.0030080000000000003 -136.577
-0.003011 -136.698
-0.003015 -136.854
-0.00302 -136.928
-0.003023 -137.027
-0.003026 -137.077
-0.0030280000000000003 -137.202
-0.003033 -137.229
-0.0030340000000000002 -137.251
-0.003036 -137.404
-0.00304 -137.452
-0.003045 -137.504
-0.003046 -137.574
-0.00305 -137.629
-0.0030520000000000005 -137.753
-0.0030520000000000005 -137.803
-0.003055 -137.878
-0.0030600000000000002 -137.976
-0.003061 -138.056
-0.0030640000000000003 -138.155
-0.003065 -138.28
-0.00307 -138.328
-0.003071 -138.432
-0.0030740000000000003 -138.532
-0.003079 -138.683
-0.00308 -138.836
-0.003084 -138.934
-0.003089 -139.059
-0.0030930000000000003 -139.135
-0.003095 -139.26
-0.003097 -139.36
-0.0031019999999999997 -139.488
-0.0031019999999999997 -139.509
-0.0031090000000000002 -139.611
-0.0031130000000000003 -139.761
-0.003115 -139.833
-0.003118 -139.986
-0.003121 -140.089
-0.003124 -140.188
-0.003128 -140.258
-0.003131 -140.383
-0.003134 -140.436
-0.003138 -140.512
-0.0031390000000000003 -140.612
-0.003142 -140.737
-0.003147 -140.887
-0.0031530000000000004 -141.007
-0.003156 -141.109
-0.00316 -141.183
-0.003162 -141.289
-0.0031669999999999997 -141.387
-0.0031690000000000004 -141.537
-0.003174 -141.614
-0.0031750000000000003 -141.639
-0.0031780000000000003 -141.764
-0.003181 -141.837
-0.0031850000000000003 -141.937
-0.0031869999999999997 -142.087
-0.003192 -142.212
-0.0031969999999999998 -142.363
-0.0031990000000000005 -142.412
-0.0032040000000000003 -142.538
-0.003206 -142.559
-0.003211 -142.661
-0.003215 -142.711
-0.003218 -142.837
-0.0032229999999999997 -142.963
-0.003225 -143.062
-0.0032300000000000002 -143.185
-0.003235 -143.336
-0.003239 -143.384
-0.003242 -143.484
-0.003249 -143.586
-0.003252 -143.66
-0.003256 -143.804
-0.003258 -143.806
-0.0032600000000000003 -143.928
-0.0032660000000000002 -144.029
-0.003271 -144.131
-0.003275 -144.256
-0.0032779999999999997 -144.33
-0.003285 -144.455
-0.003292 -144.554
-0.0032960000000000003 -144.656
-0.0033000000000000004 -144.806
-0.003301 -144.875
-0.003307 -144.978
-0.0033090000000000003 -145.027
-0.003311 -145.127
-0.0033150000000000002 -145.227
-0.00332 -145.326
-0.0033250000000000003 -145.402
-0.003332 -145.527
-0.003336 -145.647
-0.0033410000000000002 -145.775
-0.0033450000000000003 -145.824
-0.003347 -145.926
-0.003368 -146.953
-0.0033850000000000004 -146.901
-0.003392 -147.147
-0.0034000000000000002 -147.198
-0.003404 -147.269
-0.0034089999999999997 -147.272
-0.0034110000000000004 -147.344
-0.003414 -147.318
-0.0034200000000000003 -147.368
-0.003424 -147.443
-0.003424 -147.465
-0.0034350000000000006 -147.489
-0.003431 -147.513
-0.0034350000000000006 -147.587
-0.00344 -147.661
-0.0034449999999999997 -147.762
-0.003448 -147.81
-0.003451 -147.836
-0.003453 -147.908
-0.003458 -147.958
-0.0034620000000000002 -148.057
-0.0034649999999999998 -148.103
-0.003467 -148.233
-0.0034720000000000003 -148.283
-0.0034760000000000004 -148.381
-0.00348 -148.477
-0.003485 -148.527
-0.0034920000000000003 -148.68
-0.003494 -148.729
-0.0034980000000000002 -148.879
-0.003503 -148.954
-0.003505 -149.025
-0.0035110000000000002 -149.078
-0.0035160000000000005 -149.203
-0.0035199999999999997 -149.302
-0.003525 -149.402
-0.003527 -149.476
-0.0035320000000000004 -149.601
-0.003538 -149.698
-0.003543 -149.75
-0.003549 -149.849
-0.003552 -149.974
-0.003556 -150.124
-0.003562 -150.198
-0.003563 -150.32
-0.003569 -150.394
-0.0035759999999999998 -150.522
-0.00358 -150.597
-0.003585 -150.695
-0.003589 -150.769
-0.0035930000000000003 -150.894
-0.003599 -151.018
-0.003606 -151.117
-0.0036109999999999996 -151.193
-0.003615 -151.291
-0.0036209999999999997 -151.414
-0.003628 -151.512
-0.0036330000000000004 -151.608
-0.00364 -151.71
-0.003646 -151.834
-0.003656 -152.007
-0.003659 -152.105
-0.0036609999999999998 -152.177
-0.003687 -152.225
-0.003683 -152.323
-0.003691 -152.446
-0.0036980000000000003 -152.545
-0.003702 -152.617
-0.003713 -152.74
-0.003721 -152.789
-0.003727 -152.912
-0.003735 -152.982
-0.003741 -153.102
-0.0037480000000000005 -153.202
-0.003756 -153.3
-0.0037640000000000004 -153.422
-0.0037730000000000003 -153.546
-0.003781 -153.642
-0.003791 -153.737
-0.0038 -153.855
-0.003808 -153.906
-0.0038179999999999998 -154.026
-0.003824 -154.122
-0.003834 -154.217
-0.00384 -154.312
-0.00385 -154.403
-0.00386 -154.5
-0.003872 -154.589
-0.003881 -154.685
-0.0038940000000000003 -154.777
-0.0039040000000000004 -154.917
-0.003916 -154.978
-0.003928 -155.048
-0.003939 -155.162
-0.003952 -155.254
-0.0039629999999999995 -155.368
-0.003972 -155.475
-0.003986 -155.49
-0.004 -155.603
-0.0040160000000000005 -155.789
-0.004031 -155.849
-0.004048 -155.9
-0.004063 -156.033
-0.004078 -156.06
-0.004096000000000001 -156.136
-0.004114 -156.308
-0.004132 -156.379
-0.004151 -156.42
-0.004168 -156.452
-0.0041930000000000005 -156.71
-0.004222 -156.757
-0.004249 -156.716
-0.004289 -156.912
-0.0043430000000000005 -157.2
-0.004384 -157.309
-0.004416 -156.917
-0.0045260000000000005 -157.351
-0.004631000000000001 -157.722
-0.004723 -157.506
-0.00481 -156.937
-0.004954 -156.702
-0.005218 -155.801