150
3 3 0
UNIFORM_LINE
-1 0 0 
1 0 0 
0 0 0 
1 2 0  1  
1 2 0  2  
1 2 2  1  
2 0 0 
-1 -1 -1 
6 5 0
UNIFORM_TRIANGLE
0 0 0 
1 0 0 
0 1 0 
0.5 0 0 
0.5 0.5 0 
0 0.5 0 
2 3 0  1  2  
2 3 0  3  5  
2 3 3  1  4  
2 3 5  4  2  
2 3 4  5  3  
6 0 0 0 0 0 0 
-1 -1 -1 -1 -1 -1 -1 
4 4 1
Triangle:0:0:0:1:
0 0 0 
1 0 0 
0 1 0 
0.333333 0.333333 0 
2 3 0  1  2  
2 3 0  1  3  
2 3 1  2  3  
2 3 0  3  2  
6 1 1 1 1 1 1 
-1 -1 -1 -1 -1 -1 1 
5 3 2
Triangle:1:1:0:0:
0 0 0 
1 0 0 
0 1 0 
0.5 0 0 
0.5 0.5 0 
2 3 0  1  2  
3 4 0  3  4  2  
2 3 3  1  4  
6 2 3 4 4 3 2 
-1 -1 -1 -1 -1 -1 2 
5 3 3
Triangle:0:1:1:0:
0 0 0 
1 0 0 
0 1 0 
0.5 0 0 
0.5 0.5 0 
2 3 0  2  1  
3 4 0  3  4  2  
2 3 3  1  4  
6 3 2 3 2 4 4 
-1 -1 -1 -1 -1 -1 3 
5 3 4
Triangle:1:0:1:0:
0 0 0 
1 0 0 
0 1 0 
0.5 0 0 
0.5 0.5 0 
2 3 1  0  2  
3 4 0  3  4  2  
2 3 3  1  4  
6 4 4 2 3 2 3 
-1 -1 -1 -1 -1 -1 4 
4 3 5
Triangle:1:0:0:0:
0 0 0 
1 0 0 
0 1 0 
0.5 0 0 
2 3 0  1  2  
2 3 0  3  2  
2 3 3  1  2  
6 5 6 5 6 7 7 
-1 -1 -1 -1 -1 -1 5 
4 3 6
Triangle:0:0:1:0:
0 0 0 
1 0 0 
0 1 0 
0.5 0 0 
2 3 0  2  1  
2 3 0  3  2  
2 3 3  1  2  
6 6 5 7 7 5 6 
-1 -1 -1 -1 -1 -1 6 
4 3 7
Triangle:0:1:0:0:
0 0 0 
1 0 0 
0 1 0 
0.5 0 0 
2 3 2  0  1  
2 3 0  3  2  
2 3 3  1  2  
6 7 7 6 5 6 5 
-1 -1 -1 -1 -1 -1 7 
9 5 0
UNIFORM_QUAD
-1 -1 0 
1 -1 0 
1 1 0 
-1 1 0 
0 -1 0 
1 0 0 
0 1 0 
-1 0 0 
0 0 0 
3 4 0  1  2  3  
3 4 0  4  8  7  
3 4 4  1  5  8  
3 4 8  5  2  6  
3 4 7  8  6  3  
8 0 0 0 0 0 0 0 0 
-1 -1 -1 -1 -1 -1 -1 -1 -1 
7 5 1
Quad:1:1:1:0:0:
0 0 0 
1 0 0 
1 1 0 
0 1 0 
0.5 0 0 
1 0.5 0 
0.5 1 0 
3 4 0  1  2  3  
3 4 0  4  6  3  
2 3 4  1  5  
2 3 5  2  6  
2 3 4  5  6  
8 1 2 3 4 4 3 2 1 
-1 -1 -1 -1 -1 -1 -1 -1 1 
7 5 2
Quad:0:1:1:1:0:
0 0 0 
1 0 0 
1 1 0 
0 1 0 
0.5 0 0 
1 0.5 0 
0.5 1 0 
3 4 0  3  2  1  
3 4 0  4  6  3  
2 3 4  1  5  
2 3 5  2  6  
2 3 4  5  6  
8 2 1 2 1 3 4 3 4 
-1 -1 -1 -1 -1 -1 -1 -1 2 
7 5 3
Quad:1:0:1:1:0:
0 0 0 
1 0 0 
1 1 0 
0 1 0 
0.5 0 0 
1 0.5 0 
0.5 1 0 
3 4 2  3  0  1  
3 4 0  4  6  3  
2 3 4  1  5  
2 3 5  2  6  
2 3 4  5  6  
8 3 4 1 2 2 1 4 3 
-1 -1 -1 -1 -1 -1 -1 -1 3 
7 5 4
Quad:1:1:0:1:0:
0 0 0 
1 0 0 
1 1 0 
0 1 0 
0.5 0 0 
1 0.5 0 
0.5 1 0 
3 4 2  1  0  3  
3 4 0  4  6  3  
2 3 4  1  5  
2 3 5  2  6  
2 3 4  5  6  
8 4 3 4 3 1 2 1 2 
-1 -1 -1 -1 -1 -1 -1 -1 4 
6 5 5
Quad:1:1:0:0:0:
0 0 0 
1 0 0 
1 1 0 
0 1 0 
0.5 0 0 
1 0.5 0 
3 4 0  1  2  3  
2 3 0  4  3  
2 3 4  1  5  
2 3 2  3  5  
2 3 3  4  5  
8 5 6 8 8 5 6 7 7 
-1 -1 -1 -1 -1 -1 -1 -1 5 
6 5 6
Quad:0:0:1:1:0:
0 0 0 
1 0 0 
1 1 0 
0 1 0 
0.5 0 0 
1 0.5 0 
3 4 0  3  2  1  
2 3 0  4  3  
2 3 4  1  5  
2 3 2  3  5  
2 3 3  4  5  
8 6 5 7 7 6 5 8 8 
-1 -1 -1 -1 -1 -1 -1 -1 6 
6 5 7
Quad:0:1:1:0:0:
0 0 0 
1 0 0 
1 1 0 
0 1 0 
0.5 0 0 
1 0.5 0 
3 4 3  0  1  2  
2 3 0  4  3  
2 3 4  1  5  
2 3 2  3  5  
2 3 3  4  5  
8 7 7 6 5 8 8 6 5 
-1 -1 -1 -1 -1 -1 -1 -1 7 
6 5 8
Quad:1:0:0:1:0:
0 0 0 
1 0 0 
1 1 0 
0 1 0 
0.5 0 0 
1 0.5 0 
3 4 1  0  3  2  
2 3 0  4  3  
2 3 4  1  5  
2 3 2  3  5  
2 3 3  4  5  
8 8 8 5 6 7 7 5 6 
-1 -1 -1 -1 -1 -1 -1 -1 8 
6 3 9
Quad:1:0:1:0:0:
0 0 0 
1 0 0 
1 1 0 
0 1 0 
0.5 0 0 
0.5 1 0 
3 4 0  1  2  3  
3 4 0  4  5  3  
3 4 4  1  2  5  
8 9 10 9 10 10 9 10 9 
-1 -1 -1 -1 -1 -1 -1 -1 9 
6 3 10
Quad:0:1:0:1:0:
0 0 0 
1 0 0 
1 1 0 
0 1 0 
0.5 0 0 
0.5 1 0 
3 4 0  3  2  1  
3 4 0  4  5  3  
3 4 4  1  2  5  
8 10 9 10 9 9 10 9 10 
-1 -1 -1 -1 -1 -1 -1 -1 10 
5 4 11
Quad:1:0:0:0:0:
0 0 0 
1 0 0 
1 1 0 
0 1 0 
0.5 0 0 
3 4 0  1  2  3  
2 3 0  4  3  
2 3 4  1  2  
2 3 4  2  3  
8 11 12 11 12 13 14 13 14 
-1 -1 -1 -1 -1 -1 -1 -1 11 
5 4 12
Quad:0:0:0:1:0:
0 0 0 
1 0 0 
1 1 0 
0 1 0 
0.5 0 0 
3 4 0  3  2  1  
2 3 0  4  3  
2 3 4  1  2  
2 3 4  2  3  
8 12 11 13 14 14 13 11 12 
-1 -1 -1 -1 -1 -1 -1 -1 12 
5 4 13
Quad:0:1:0:0:0:
0 0 0 
1 0 0 
1 1 0 
0 1 0 
0.5 0 0 
3 4 3  0  1  2  
2 3 0  4  3  
2 3 4  1  2  
2 3 4  2  3  
8 13 14 12 11 11 12 14 13 
-1 -1 -1 -1 -1 -1 -1 -1 13 
5 4 14
Quad:0:0:1:0:0:
0 0 0 
1 0 0 
1 1 0 
0 1 0 
0.5 0 0 
3 4 3  2  1  0  
2 3 0  4  3  
2 3 4  1  2  
2 3 4  2  3  
8 14 13 14 13 12 11 12 11 
-1 -1 -1 -1 -1 -1 -1 -1 14 
10 7 0
UNIFORM_TETRA
0 0 0 
1 0 0 
0 1 0 
0 0 1 
0.5 0 0 
0.5 0.5 0 
0 0.5 0 
0 0 0.5 
0.5 0 0.5 
0 0.5 0.5 
4 4 0  1  2  3  
4 4 0  4  6  7  
4 4 4  1  5  8  
4 4 6  5  2  9  
4 4 7  8  9  3  
5 5 4  8  9  6  7  
5 5 8  4  6  9  5  
24 0 1 0 1 2 2 1 0 2 2 0 1 1 0 2 2 0 1 2 2 1 0 1 0 
-1 -1 -1 -1 -1 -1 -1 -1 -1 -1 -1 -1 -1 -1 -1 
10 7 1
Tetra:1:1:1:1:1:1:0:0:0:0:0:
0 0 0 
1 0 0 
0 1 0 
0 0 1 
0.5 0 0 
0.5 0.5 0 
0 0.5 0 
0 0 0.5 
0.5 0 0.5 
0 0.5 0.5 
4 4 0  1  3  2  
4 4 0  4  6  7  
4 4 4  1  5  8  
4 4 6  5  2  9  
4 4 7  8  9  3  
5 5 4  8  9  6  7  
5 5 8  4  6  9  5  
24 1 0 2 2 0 1 0 1 0 1 2 2 2 2 1 0 1 0 1 0 2 2 0 1 
-1 -1 -1 -1 -1 -1 -1 -1 -1 -1 -1 -1 -1 -1 1 
10 7 2
Tetra:1:1:1:1:1:1:0:0:0:0:0:
0 0 0 
1 0 0 
0 1 0 
0 0 1 
0.5 0 0 
0.5 0.5 0 
0 0.5 0 
0 0 0.5 
0.5 0 0.5 
0 0.5 0.5 
4 4 0  3  1  2  
4 4 0  4  6  7  
4 4 4  1  5  8  
4 4 6  5  2  9  
4 4 7  8  9  3  
5 5 4  8  9  6  7  
5 5 8  4  6  9  5  
24 2 2 1 0 1 0 2 2 1 0 1 0 0 1 0 1 2 2 0 1 0 1 2 2 
-1 -1 -1 -1 -1 -1 -1 -1 -1 -1 -1 -1 -1 -1 2 
7 3 3
Tetra:0:0:0:1:1:1:0:0:0:0:0:
0 0 0 
1 0 0 
0 1 0 
0 0 1 
0 0 0.5 
0.5 0 0.5 
0 0.5 0.5 
4 4 0  1  2  3  
6 6 0  1  2  4  5  6  
4 4 4  5  6  3  
24 3 4 3 4 5 5 3 4 3 4 5 5 3 4 3 4 5 5 6 6 6 6 6 6 
-1 -1 -1 -1 -1 -1 -1 -1 -1 -1 -1 3 3 3 3 
7 3 4
Tetra:0:1:1:0:0:1:0:0:0:0:0:
0 0 0 
1 0 0 
0 1 0 
0 0 1 
0 0 0.5 
0.5 0 0.5 
0 0.5 0.5 
4 4 0  1  3  2  
6 6 0  1  2  4  5  6  
4 4 4  5  6  3  
24 4 3 5 5 3 4 4 3 5 5 3 4 6 6 6 6 6 6 3 4 3 4 5 5 
-1 -1 -1 -1 -1 -1 -1 -1 -1 -1 3 -1 2 2 4 
7 3 5
Tetra:1:1:0:0:1:0:0:0:0:0:0:
0 0 0 
1 0 0 
0 1 0 
0 0 1 
0 0 0.5 
0.5 0 0.5 
0 0.5 0.5 
4 4 0  3  1  2  
6 6 0  1  2  4  5  6  
4 4 4  5  6  3  
24 5 5 4 3 4 3 6 6 6 6 6 6 4 3 5 5 3 4 4 3 5 5 3 4 
-1 -1 -1 -1 -1 -1 -1 -1 -1 -1 2 2 4 -1 5 
7 3 6
Tetra:1:0:1:1:0:0:0:0:0:0:0:
0 0 0 
1 0 0 
0 1 0 
0 0 1 
0 0 0.5 
0.5 0 0.5 
0 0.5 0.5 
4 4 3  0  1  2  
6 6 0  1  2  4  5  6  
4 4 4  5  6  3  
24 6 6 6 6 6 6 5 5 4 3 4 3 5 5 4 3 4 3 5 5 4 3 4 3 
-1 -1 -1 -1 -1 -1 -1 -1 -1 -1 4 4 -1 4 6 
8 3 7
Tetra:0:1:1:1:1:0:0:0:0:0:0:
0 0 0 
1 0 0 
0 1 0 
0 0 1 
0.5 0.5 0 
0 0.5 0 
0 0 0.5 
0.5 0 0.5 
4 4 0  1  2  3  
6 6 4  2  5  7  3  6  
6 6 1  4  7  0  5  6  
24 7 7 8 9 8 9 7 7 8 9 8 9 9 8 9 8 7 7 9 8 9 8 7 7 
-1 -1 -1 -1 -1 -1 -1 -1 -1 -1 3 3 4 4 7 
8 3 8
Tetra:1:1:0:1:0:1:0:0:0:0:0:
0 0 0 
1 0 0 
0 1 0 
0 0 1 
0.5 0.5 0 
0 0.5 0 
0 0 0.5 
0.5 0 0.5 
4 4 0  2  1  3  
6 6 4  2  5  7  3  6  
6 6 1  4  7  0  5  6  
24 8 9 7 7 9 8 9 8 9 8 7 7 7 7 8 9 8 9 8 9 7 7 9 8 
-1 -1 -1 -1 -1 -1 -1 -1 -1 -1 2 4 2 3 8 
8 3 9
Tetra:1:0:1:0:1:1:0:0:0:0:0:
0 0 0 
1 0 0 
0 1 0 
0 0 1 
0.5 0.5 0 
0 0.5 0 
0 0 0.5 
0.5 0 0.5 
4 4 0  2  3  1  
6 6 4  2  5  7  3  6  
6 6 1  4  7  0  5  6  
24 9 8 9 8 7 7 8 9 7 7 9 8 8 9 7 7 9 8 7 7 8 9 8 9 
-1 -1 -1 -1 -1 -1 -1 -1 -1 -1 4 2 3 2 9 
5 3 10
Tetra:0:0:0:1:0:0:0:0:0:0:0:
0 0 0 
1 0 0 
0 1 0 
0 0 1 
0 0 0.5 
4 4 0  1  2  3  
4 4 0  1  2  4  
4 4 4  1  2  3  
24 10 11 10 11 12 12 14 13 15 15 13 14 14 13 15 15 13 14 12 12 11 10 11 10 
-1 -1 -1 -1 -1 -1 -1 -1 -1 -1 -1 6 -1 6 10 
5 3 11
Tetra:0:0:1:0:0:0:0:0:0:0:0:
0 0 0 
1 0 0 
0 1 0 
0 0 1 
0 0 0.5 
4 4 0  1  3  2  
4 4 0  1  2  4  
4 4 4  1  2  3  
24 11 10 12 12 10 11 13 14 13 14 15 15 12 12 11 10 11 10 14 13 15 15 13 14 
-1 -1 -1 -1 -1 -1 -1 -1 -1 -1 6 -1 -1 5 11 
5 3 12
Tetra:1:0:0:0:0:0:0:0:0:0:0:
0 0 0 
1 0 0 
0 1 0 
0 0 1 
0 0 0.5 
4 4 0  3  1  2  
4 4 0  1  2  4  
4 4 4  1  2  3  
24 12 12 11 10 11 10 12 12 11 10 11 10 13 14 13 14 15 15 13 14 13 14 15 15 
-1 -1 -1 -1 -1 -1 -1 -1 -1 -1 5 5 -1 -1 12 
5 3 13
Tetra:0:1:0:0:0:0:0:0:0:0:0:
0 0 0 
1 0 0 
0 1 0 
0 0 1 
0 0 0.5 
4 4 1  0  3  2  
4 4 0  1  2  4  
4 4 4  1  2  3  
24 13 14 13 14 15 15 11 10 12 12 10 11 11 10 12 12 10 11 15 15 14 13 14 13 
-1 -1 -1 -1 -1 -1 -1 -1 -1 -1 7 -1 5 -1 13 
5 3 14
Tetra:0:0:0:0:1:0:0:0:0:0:0:
0 0 0 
1 0 0 
0 1 0 
0 0 1 
0 0 0.5 
4 4 1  0  2  3  
4 4 0  1  2  4  
4 4 4  1  2  3  
24 14 13 15 15 13 14 10 11 10 11 12 12 15 15 14 13 14 13 11 10 12 12 10 11 
-1 -1 -1 -1 -1 -1 -1 -1 -1 -1 -1 7 6 -1 14 
5 3 15
Tetra:0:0:0:0:0:1:0:0:0:0:0:
0 0 0 
1 0 0 
0 1 0 
0 0 1 
0 0 0.5 
4 4 1  2  0  3  
4 4 0  1  2  4  
4 4 4  1  2  3  
24 15 15 14 13 14 13 15 15 14 13 14 13 10 11 10 11 12 12 10 11 10 11 12 12 
-1 -1 -1 -1 -1 -1 -1 -1 -1 -1 -1 -1 7 7 15 
6 3 16
Tetra:1:0:0:1:0:0:0:0:0:0:0:
0 0 0 
1 0 0 
0 1 0 
0 0 1 
0.5 0 0 
0 0 0.5 
4 4 0  1  2  3  
4 4 0  4  2  5  
5 5 4  5  3  1  2  
24 16 17 18 18 17 16 24 25 23 22 26 27 19 19 20 21 20 21 25 24 26 27 23 22 
-1 -1 -1 -1 -1 -1 -1 -1 -1 -1 5 4 -1 6 16 
6 3 17
Tetra:1:0:1:0:0:0:0:0:0:0:0:
0 0 0 
1 0 0 
0 1 0 
0 0 1 
0.5 0 0 
0 0 0.5 
4 4 0  1  3  2  
4 4 0  4  2  5  
5 5 4  5  3  1  2  
24 17 16 17 16 18 18 25 24 26 27 23 22 25 24 26 27 23 22 19 19 20 21 20 21 
-1 -1 -1 -1 -1 -1 -1 -1 -1 -1 4 5 -1 5 17 
6 3 18
Tetra:0:0:1:1:0:0:0:0:0:0:0:
0 0 0 
1 0 0 
0 1 0 
0 0 1 
0.5 0 0 
0 0 0.5 
4 4 0  2  1  3  
4 4 0  4  2  5  
5 5 4  5  3  1  2  
24 18 18 16 17 16 17 19 19 20 21 20 21 24 25 23 22 26 27 24 25 23 22 26 27 
-1 -1 -1 -1 -1 -1 -1 -1 -1 -1 6 6 -1 4 18 
6 3 19
Tetra:0:1:0:0:1:0:0:0:0:0:0:
0 0 0 
1 0 0 
0 1 0 
0 0 1 
0.5 0 0 
0 0 0.5 
4 4 2  0  1  3  
4 4 0  4  2  5  
5 5 4  5  3  1  2  
24 19 19 20 21 20 21 18 18 16 17 16 17 23 22 24 25 27 26 23 22 24 25 27 26 
-1 -1 -1 -1 -1 -1 -1 -1 -1 -1 7 7 4 -1 19 
6 3 20
Tetra:0:1:0:0:0:1:0:0:0:0:0:
0 0 0 
1 0 0 
0 1 0 
0 0 1 
0.5 0 0 
0 0 0.5 
4 4 2  1  0  3  
4 4 0  4  2  5  
5 5 4  5  3  1  2  
24 20 21 19 19 21 20 23 22 24 25 27 26 18 18 16 17 16 17 22 23 27 26 24 25 
-1 -1 -1 -1 -1 -1 -1 -1 -1 -1 7 -1 2 7 20 
6 3 21
Tetra:0:0:0:0:1:1:0:0:0:0:0:
0 0 0 
1 0 0 
0 1 0 
0 0 1 
0.5 0 0 
0 0 0.5 
4 4 2  1  3  0  
4 4 0  4  2  5  
5 5 4  5  3  1  2  
24 21 20 21 20 19 19 22 23 27 26 24 25 22 23 27 26 24 25 18 18 16 17 16 17 
-1 -1 -1 -1 -1 -1 -1 -1 -1 -1 -1 7 3 7 21 
6 3 22
Tetra:0:0:0:1:0:1:0:0:0:0:0:
0 0 0 
1 0 0 
0 1 0 
0 0 1 
0.5 0 0 
0 0 0.5 
4 4 1  2  3  0  
4 4 0  4  2  5  
5 5 4  5  3  1  2  
24 22 23 27 26 24 25 21 20 21 20 19 19 27 26 22 23 25 24 16 17 18 18 17 16 
-1 -1 -1 -1 -1 -1 -1 -1 -1 -1 -1 6 7 3 22 
6 3 23
Tetra:0:0:1:0:0:1:0:0:0:0:0:
0 0 0 
1 0 0 
0 1 0 
0 0 1 
0.5 0 0 
0 0 0.5 
4 4 1  2  0  3  
4 4 0  4  2  5  
5 5 4  5  3  1  2  
24 23 22 24 25 27 26 20 21 19 19 21 20 16 17 18 18 17 16 27 26 22 23 25 24 
-1 -1 -1 -1 -1 -1 -1 -1 -1 -1 6 -1 7 2 23 
6 3 24
Tetra:1:0:0:0:1:0:0:0:0:0:0:
0 0 0 
1 0 0 
0 1 0 
0 0 1 
0.5 0 0 
0 0 0.5 
4 4 1  0  2  3  
4 4 0  4  2  5  
5 5 4  5  3  1  2  
24 24 25 23 22 26 27 16 17 18 18 17 16 20 21 19 19 21 20 26 27 25 24 22 23 
-1 -1 -1 -1 -1 -1 -1 -1 -1 -1 5 2 6 -1 24 
6 3 25
Tetra:1:1:0:0:0:0:0:0:0:0:0:
0 0 0 
1 0 0 
0 1 0 
0 0 1 
0.5 0 0 
0 0 0.5 
4 4 1  0  3  2  
4 4 0  4  2  5  
5 5 4  5  3  1  2  
24 25 24 26 27 23 22 17 16 17 16 18 18 26 27 25 24 22 23 20 21 19 19 21 20 
-1 -1 -1 -1 -1 -1 -1 -1 -1 -1 2 5 5 -1 25 
6 3 26
Tetra:0:1:1:0:0:0:0:0:0:0:0:
0 0 0 
1 0 0 
0 1 0 
0 0 1 
0.5 0 0 
0 0 0.5 
4 4 1  3  0  2  
4 4 0  4  2  5  
5 5 4  5  3  1  2  
24 26 27 25 24 22 23 26 27 25 24 22 23 17 16 17 16 18 18 21 20 21 20 19 19 
-1 -1 -1 -1 -1 -1 -1 -1 -1 -1 3 -1 5 5 26 
6 3 27
Tetra:0:0:0:1:1:0:0:0:0:0:0:
0 0 0 
1 0 0 
0 1 0 
0 0 1 
0.5 0 0 
0 0 0.5 
4 4 1  3  2  0  
4 4 0  4  2  5  
5 5 4  5  3  1  2  
24 27 26 22 23 25 24 27 26 22 23 25 24 21 20 21 20 19 19 17 16 17 16 18 18 
-1 -1 -1 -1 -1 -1 -1 -1 -1 -1 -1 3 6 6 27 
8 5 28
Tetra:1:1:0:1:1:0:0:0:0:0:0:
0 0 0 
1 0 0 
0 1 0 
0 0 1 
0.5 0 0 
0.5 0.5 0 
0 0 0.5 
0.5 0 0.5 
4 4 0  1  2  3  
5 5 4  5  2  0  6  
5 5 7  5  2  3  6  
4 4 4  5  7  1  
4 4 4  5  6  7  
24 28 29 33 32 30 31 38 39 37 37 39 38 34 35 36 36 35 34 30 31 29 28 32 33 
-1 -1 -1 -1 -1 -1 -1 -1 -1 -1 2 -1 4 6 28 
8 5 29
Tetra:1:1:1:0:1:0:0:0:0:0:0:
0 0 0 
1 0 0 
0 1 0 
0 0 1 
0.5 0 0 
0.5 0.5 0 
0 0 0.5 
0.5 0 0.5 
4 4 0  1  3  2  
5 5 4  5  2  0  6  
5 5 7  5  2  3  6  
4 4 4  5  7  1  
4 4 4  5  6  7  
24 29 28 30 31 33 32 39 38 39 38 37 37 30 31 29 28 32 33 34 35 36 36 35 34 
-1 -1 -1 -1 -1 -1 -1 -1 -1 -1 -1 2 4 5 29 
8 5 30
Tetra:1:1:1:0:0:1:0:0:0:0:0:
0 0 0 
1 0 0 
0 1 0 
0 0 1 
0.5 0 0 
0.5 0.5 0 
0 0 0.5 
0.5 0 0.5 
4 4 0  3  1  2  
5 5 4  5  2  0  6  
5 5 7  5  2  3  6  
4 4 4  5  7  1  
4 4 4  5  6  7  
24 30 31 29 28 32 33 30 31 29 28 32 33 39 38 39 38 37 37 35 34 35 34 36 36 
-1 -1 -1 -1 -1 -1 -1 -1 -1 -1 -1 5 2 2 30 
8 5 31
Tetra:1:0:0:1:1:1:0:0:0:0:0:
0 0 0 
1 0 0 
0 1 0 
0 0 1 
0.5 0 0 
0.5 0.5 0 
0 0 0.5 
0.5 0 0.5 
4 4 0  3  2  1  
5 5 4  5  2  0  6  
5 5 7  5  2  3  6  
4 4 4  5  7  1  
4 4 4  5  6  7  
24 31 30 32 33 29 28 31 30 32 33 29 28 35 34 35 34 36 36 39 38 39 38 37 37 
-1 -1 -1 -1 -1 -1 -1 -1 -1 -1 5 -1 3 3 31 
8 5 32
Tetra:0:0:1:1:1:1:0:0:0:0:0:
0 0 0 
1 0 0 
0 1 0 
0 0 1 
0.5 0 0 
0.5 0.5 0 
0 0 0.5 
0.5 0 0.5 
4 4 0  2  3  1  
5 5 4  5  2  0  6  
5 5 7  5  2  3  6  
4 4 4  5  7  1  
4 4 4  5  6  7  
24 32 33 31 30 28 29 35 34 35 34 36 36 31 30 32 33 29 28 38 39 37 37 39 38 
-1 -1 -1 -1 -1 -1 -1 -1 -1 -1 6 3 3 -1 32 
8 5 33
Tetra:0:1:1:1:0:1:0:0:0:0:0:
0 0 0 
1 0 0 
0 1 0 
0 0 1 
0.5 0 0 
0.5 0.5 0 
0 0 0.5 
0.5 0 0.5 
4 4 0  2  1  3  
5 5 4  5  2  0  6  
5 5 7  5  2  3  6  
4 4 4  5  7  1  
4 4 4  5  6  7  
24 33 32 28 29 31 30 34 35 36 36 35 34 38 39 37 37 39 38 31 30 32 33 29 28 
-1 -1 -1 -1 -1 -1 -1 -1 -1 -1 3 6 2 -1 33 
8 5 34
Tetra:0:1:1:0:1:1:0:0:0:0:0:
0 0 0 
1 0 0 
0 1 0 
0 0 1 
0.5 0 0 
0.5 0.5 0 
0 0 0.5 
0.5 0 0.5 
4 4 2  0  1  3  
5 5 4  5  2  0  6  
5 5 7  5  2  3  6  
4 4 4  5  7  1  
4 4 4  5  6  7  
24 34 35 36 36 35 34 33 32 28 29 31 30 37 37 38 39 38 39 32 33 31 30 28 29 
-1 -1 -1 -1 -1 -1 -1 -1 -1 -1 3 7 -1 2 34 
8 5 35
Tetra:0:1:0:1:1:1:0:0:0:0:0:
0 0 0 
1 0 0 
0 1 0 
0 0 1 
0.5 0 0 
0.5 0.5 0 
0 0 0.5 
0.5 0 0.5 
4 4 2  0  3  1  
5 5 4  5  2  0  6  
5 5 7  5  2  3  6  
4 4 4  5  7  1  
4 4 4  5  6  7  
24 35 34 35 34 36 36 32 33 31 30 28 29 32 33 31 30 28 29 37 37 38 39 38 39 
-1 -1 -1 -1 -1 -1 -1 -1 -1 -1 7 3 -1 3 35 
8 5 36
Tetra:1:1:0:0:1:1:0:0:0:0:0:
0 0 0 
1 0 0 
0 1 0 
0 0 1 
0.5 0 0 
0.5 0.5 0 
0 0 0.5 
0.5 0 0.5 
4 4 2  1  0  3  
5 5 4  5  2  0  6  
5 5 7  5  2  3  6  
4 4 4  5  7  1  
4 4 4  5  6  7  
24 36 36 34 35 34 35 37 37 38 39 38 39 33 32 28 29 31 30 33 32 28 29 31 30 
-1 -1 -1 -1 -1 -1 -1 -1 -1 -1 2 2 -1 7 36 
8 5 37
Tetra:1:0:1:1:0:1:0:0:0:0:0:
0 0 0 
1 0 0 
0 1 0 
0 0 1 
0.5 0 0 
0.5 0.5 0 
0 0 0.5 
0.5 0 0.5 
4 4 1  2  0  3  
5 5 4  5  2  0  6  
5 5 7  5  2  3  6  
4 4 4  5  7  1  
4 4 4  5  6  7  
24 37 37 38 39 38 39 36 36 34 35 34 35 28 29 33 32 30 31 28 29 33 32 30 31 
-1 -1 -1 -1 -1 -1 -1 -1 -1 -1 4 4 7 -1 37 
8 5 38
Tetra:1:0:1:1:1:0:0:0:0:0:0:
0 0 0 
1 0 0 
0 1 0 
0 0 1 
0.5 0 0 
0.5 0.5 0 
0 0 0.5 
0.5 0 0.5 
4 4 1  0  2  3  
5 5 4  5  2  0  6  
5 5 7  5  2  3  6  
4 4 4  5  7  1  
4 4 4  5  6  7  
24 38 39 37 37 39 38 28 29 33 32 30 31 36 36 34 35 34 35 29 28 30 31 33 32 
-1 -1 -1 -1 -1 -1 -1 -1 -1 -1 4 -1 6 4 38 
8 5 39
Tetra:1:1:1:1:0:0:0:0:0:0:0:
0 0 0 
1 0 0 
0 1 0 
0 0 1 
0.5 0 0 
0.5 0.5 0 
0 0 0.5 
0.5 0 0.5 
4 4 1  0  3  2  
5 5 4  5  2  0  6  
5 5 7  5  2  3  6  
4 4 4  5  7  1  
4 4 4  5  6  7  
24 39 38 39 38 37 37 29 28 30 31 33 32 29 28 30 31 33 32 36 36 34 35 34 35 
-1 -1 -1 -1 -1 -1 -1 -1 -1 -1 -1 4 5 4 39 
9 5 40
Tetra:0:1:1:1:1:1:0:0:0:0:0:
0 0 0 
1 0 0 
0 1 0 
0 0 1 
0.5 0.5 0 
0 0.5 0 
0 0 0.5 
0.5 0 0.5 
0 0.5 0.5 
4 4 0  1  2  3  
5 5 4  5  6  7  8  
6 6 1  4  7  0  5  6  
4 4 4  2  5  8  
4 4 6  7  8  3  
24 40 40 41 42 41 42 40 40 41 42 41 42 44 43 44 43 45 45 44 43 44 43 45 45 
-1 -1 -1 -1 -1 -1 -1 -1 -1 -1 3 3 -1 -1 40 
9 5 41
Tetra:1:1:0:1:1:1:0:0:0:0:0:
0 0 0 
1 0 0 
0 1 0 
0 0 1 
0.5 0.5 0 
0 0.5 0 
0 0 0.5 
0.5 0 0.5 
0 0.5 0.5 
4 4 0  2  1  3  
5 5 4  5  6  7  8  
6 6 1  4  7  0  5  6  
4 4 4  2  5  8  
4 4 6  7  8  3  
24 41 42 40 40 42 41 44 43 44 43 45 45 40 40 41 42 41 42 43 44 45 45 44 43 
-1 -1 -1 -1 -1 -1 -1 -1 -1 -1 2 -1 -1 3 41 
9 5 42
Tetra:1:1:1:0:1:1:0:0:0:0:0:
0 0 0 
1 0 0 
0 1 0 
0 0 1 
0.5 0.5 0 
0 0.5 0 
0 0 0.5 
0.5 0 0.5 
0 0.5 0.5 
4 4 0  2  3  1  
5 5 4  5  6  7  8  
6 6 1  4  7  0  5  6  
4 4 4  2  5  8  
4 4 6  7  8  3  
24 42 41 42 41 40 40 43 44 45 45 44 43 43 44 45 45 44 43 40 40 41 42 41 42 
-1 -1 -1 -1 -1 -1 -1 -1 -1 -1 -1 2 -1 2 42 
9 5 43
Tetra:1:1:1:1:0:1:0:0:0:0:0:
0 0 0 
1 0 0 
0 1 0 
0 0 1 
0.5 0.5 0 
0 0.5 0 
0 0 0.5 
0.5 0 0.5 
0 0.5 0.5 
4 4 2  0  3  1  
5 5 4  5  6  7  8  
6 6 1  4  7  0  5  6  
4 4 4  2  5  8  
4 4 6  7  8  3  
24 43 44 45 45 44 43 42 41 42 41 40 40 45 45 43 44 43 44 41 42 40 40 42 41 
-1 -1 -1 -1 -1 -1 -1 -1 -1 -1 -1 4 2 -1 43 
9 5 44
Tetra:1:0:1:1:1:1:0:0:0:0:0:
0 0 0 
1 0 0 
0 1 0 
0 0 1 
0.5 0.5 0 
0 0.5 0 
0 0 0.5 
0.5 0 0.5 
0 0.5 0.5 
4 4 2  0  1  3  
5 5 4  5  6  7  8  
6 6 1  4  7  0  5  6  
4 4 4  2  5  8  
4 4 6  7  8  3  
24 44 43 44 43 45 45 41 42 40 40 42 41 41 42 40 40 42 41 45 45 43 44 43 44 
-1 -1 -1 -1 -1 -1 -1 -1 -1 -1 4 -1 3 -1 44 
9 5 45
Tetra:1:1:1:1:1:0:0:0:0:0:0:
0 0 0 
1 0 0 
0 1 0 
0 0 1 
0.5 0.5 0 
0 0.5 0 
0 0 0.5 
0.5 0 0.5 
0 0.5 0.5 
4 4 2  3  0  1  
5 5 4  5  6  7  8  
6 6 1  4  7  0  5  6  
4 4 4  2  5  8  
4 4 6  7  8  3  
24 45 45 43 44 43 44 45 45 43 44 43 44 42 41 42 41 40 40 42 41 42 41 40 40 
-1 -1 -1 -1 -1 -1 -1 -1 -1 -1 -1 -1 4 4 45 
14 11 0
UNIFORM_PYRAMID
-1 -1 0 
1 -1 0 
1 1 0 
-1 1 0 
0 0 1 
0 -1 0 
1 0 0 
0 1 0 
-1 0 0 
-0.5 -0.5 0.5 
0.5 -0.5 0.5 
0.5 0.5 0.5 
-0.5 0.5 0.5 
0 0 0 
5 5 0  1  2  3  4  
5 5 0  5  13  8  9  
5 5 5  1  6  13  10  
5 5 13  6  2  7  11  
5 5 8  13  7  3  12  
5 5 9  10  11  12  4  
5 5 9  12  11  10  13  
4 4 9  5  13  10  
4 4 10  6  13  11  
4 4 11  7  12  13  
4 4 8  13  12  9  
8 0 0 0 0 0 0 0 0 
-1 -1 -1 -1 -1 -1 -1 -1 -1 -1 -1 -1 -1 -1 -1 -1 -1 -1 -1 
9 3 1
Pyramid:0:0:0:0:1:1:1:1:0:0:0:0:0:0:
0 0 0 
1 0 0 
1 1 0 
0 1 0 
0.5 0.5 1 
0.25 0.25 0.5 
0.75 0.25 0.5 
0.75 0.75 0.5 
0.25 0.75 0.5 
5 5 0  1  2  3  4  
7 8 0  1  2  3  5  6  7  8  
5 5 5  6  7  8  4  
8 1 1 1 1 1 1 1 1 
-1 -1 -1 -1 -1 -1 -1 -1 -1 -1 -1 -1 -1 -1 3 3 3 3 1 
10 8 2
Pyramid:1:0:1:0:0:1:1:0:0:0:0:0:0:1:
0 0 0 
1 0 0 
1 1 0 
0 1 0 
0.5 0.5 1 
0.5 0 0 
0.75 0.25 0.5 
0.75 0.75 0.5 
0.5 1 0 
0.42 0.5 0.28 
5 5 0  1  2  3  4  
6 6 5  1  6  8  2  7  
5 5 5  6  7  8  9  
5 5 0  5  8  3  9  
5 5 0  5  6  4  9  
5 5 3  8  7  4  9  
4 4 0  4  3  9  
4 4 4  6  7  9  
8 2 3 4 5 5 4 3 2 
-1 -1 -1 -1 -1 -1 -1 -1 -1 -1 -1 -1 -1 9 2 3 2 -1 2 
10 8 3
Pyramid:0:1:0:1:0:0:1:1:0:0:0:0:0:1:
0 0 0 
1 0 0 
1 1 0 
0 1 0 
0.5 0.5 1 
0.5 0 0 
0.75 0.25 0.5 
0.75 0.75 0.5 
0.5 1 0 
0.42 0.5 0.28 
5 5 0  3  2  1  4  
6 6 5  1  6  8  2  7  
5 5 5  6  7  8  9  
5 5 0  5  8  3  9  
5 5 0  5  6  4  9  
5 5 3  8  7  4  9  
4 4 0  4  3  9  
4 4 4  6  7  9  
8 3 2 3 2 4 5 4 5 
-1 -1 -1 -1 -1 -1 -1 -1 -1 -1 -1 -1 -1 10 -1 2 3 2 3 
10 8 4
Pyramid:1:0:1:0:1:0:0:1:0:0:0:0:0:1:
0 0 0 
1 0 0 
1 1 0 
0 1 0 
0.5 0.5 1 
0.5 0 0 
0.75 0.25 0.5 
0.75 0.75 0.5 
0.5 1 0 
0.42 0.5 0.28 
5 5 2  3  0  1  4  
6 6 5  1  6  8  2  7  
5 5 5  6  7  8  9  
5 5 0  5  8  3  9  
5 5 0  5  6  4  9  
5 5 3  8  7  4  9  
4 4 0  4  3  9  
4 4 4  6  7  9  
8 4 5 2 3 3 2 5 4 
-1 -1 -1 -1 -1 -1 -1 -1 -1 -1 -1 -1 -1 9 4 -1 4 3 4 
10 8 5
Pyramid:0:1:0:1:1:1:0:0:0:0:0:0:0:1:
0 0 0 
1 0 0 
1 1 0 
0 1 0 
0.5 0.5 1 
0.5 0 0 
0.75 0.25 0.5 
0.75 0.75 0.5 
0.5 1 0 
0.42 0.5 0.28 
5 5 2  1  0  3  4  
6 6 5  1  6  8  2  7  
5 5 5  6  7  8  9  
5 5 0  5  8  3  9  
5 5 0  5  6  4  9  
5 5 3  8  7  4  9  
4 4 0  4  3  9  
4 4 4  6  7  9  
8 5 4 5 4 2 3 2 3 
-1 -1 -1 -1 -1 -1 -1 -1 -1 -1 -1 -1 -1 10 3 4 -1 4 5 
7 3 6
Pyramid:0:0:0:0:1:0:0:1:0:0:0:0:0:0:
0 0 0 
1 0 0 
1 1 0 
0 1 0 
0.5 0.5 1 
0.25 0.25 0.5 
0.25 0.75 0.5 
5 5 0  1  2  3  4  
5 5 5  1  2  6  4  
6 6 0  1  5  3  2  6  
8 6 7 8 9 9 8 7 6 
-1 -1 -1 -1 -1 -1 -1 -1 -1 -1 -1 -1 -1 -1 6 -1 6 3 6 
7 3 7
Pyramid:0:0:0:0:1:1:0:0:0:0:0:0:0:0:
0 0 0 
1 0 0 
1 1 0 
0 1 0 
0.5 0.5 1 
0.25 0.25 0.5 
0.25 0.75 0.5 
5 5 0  3  2  1  4  
5 5 5  1  2  6  4  
6 6 0  1  5  3  2  6  
8 7 6 7 6 8 9 8 9 
-1 -1 -1 -1 -1 -1 -1 -1 -1 -1 -1 -1 -1 -1 3 6 -1 6 7 
7 3 8
Pyramid:0:0:0:0:0:1:1:0:0:0:0:0:0:0:
0 0 0 
1 0 0 
1 1 0 
0 1 0 
0.5 0.5 1 
0.25 0.25 0.5 
0.25 0.75 0.5 
5 5 2  3  0  1  4  
5 5 5  1  2  6  4  
6 6 0  1  5  3  2  6  
8 8 9 6 7 7 6 9 8 
-1 -1 -1 -1 -1 -1 -1 -1 -1 -1 -1 -1 -1 -1 7 3 7 -1 8 
7 3 9
Pyramid:0:0:0:0:0:0:1:1:0:0:0:0:0:0:
0 0 0 
1 0 0 
1 1 0 
0 1 0 
0.5 0.5 1 
0.25 0.25 0.5 
0.25 0.75 0.5 
5 5 2  1  0  3  4  
5 5 5  1  2  6  4  
6 6 0  1  5  3  2  6  
8 9 8 9 8 6 7 6 7 
-1 -1 -1 -1 -1 -1 -1 -1 -1 -1 -1 -1 -1 -1 -1 7 3 7 9 
8 5 10
Pyramid:1:0:0:1:1:0:0:0:0:0:0:0:0:0:
0 0 0 
1 0 0 
1 1 0 
0 1 0 
0.5 0.5 1 
0.5 0 0 
0.25 0.25 0.5 
0 0.5 0 
5 5 0  1  2  3  4  
4 4 0  5  7  6  
5 5 5  1  4  6  2  
5 5 7  6  4  3  2  
4 4 5  7  2  6  
8 10 10 11 12 13 13 11 12 
-1 -1 -1 -1 -1 -1 -1 -1 -1 -1 -1 -1 -1 8 4 -1 -1 4 10 
8 5 11
Pyramid:1:1:0:0:0:1:0:0:0:0:0:0:0:0:
0 0 0 
1 0 0 
1 1 0 
0 1 0 
0.5 0.5 1 
0.5 0 0 
0.25 0.25 0.5 
0 0.5 0 
5 5 1  0  3  2  4  
4 4 0  5  7  6  
5 5 5  1  4  6  2  
5 5 7  6  4  3  2  
4 4 5  7  2  6  
8 11 12 10 10 11 12 13 13 
-1 -1 -1 -1 -1 -1 -1 -1 -1 -1 -1 -1 -1 5 2 4 -1 -1 11 
8 5 12
Pyramid:0:0:1:1:0:0:0:1:0:0:0:0:0:0:
0 0 0 
1 0 0 
1 1 0 
0 1 0 
0.5 0.5 1 
0.5 0 0 
0.25 0.25 0.5 
0 0.5 0 
5 5 1  2  3  0  4  
4 4 0  5  7  6  
5 5 5  1  4  6  2  
5 5 7  6  4  3  2  
4 4 5  7  2  6  
8 12 11 13 13 12 11 10 10 
-1 -1 -1 -1 -1 -1 -1 -1 -1 -1 -1 -1 -1 6 -1 -1 4 2 12 
8 5 13
Pyramid:0:1:1:0:0:0:1:0:0:0:0:0:0:0:
0 0 0 
1 0 0 
1 1 0 
0 1 0 
0.5 0.5 1 
0.5 0 0 
0.25 0.25 0.5 
0 0.5 0 
5 5 2  1  0  3  4  
4 4 0  5  7  6  
5 5 5  1  4  6  2  
5 5 7  6  4  3  2  
4 4 5  7  2  6  
8 13 13 12 11 10 10 12 11 
-1 -1 -1 -1 -1 -1 -1 -1 -1 -1 -1 -1 -1 7 -1 2 2 -1 13 
6 4 14
Pyramid:0:0:0:0:1:0:0:0:0:0:0:0:0:0:
0 0 0 
1 0 0 
1 1 0 
0 1 0 
0.5 0.5 1 
0.25 0.25 0.5 
5 5 0  1  2  3  4  
5 5 0  1  2  3  5  
4 4 5  1  2  4  
4 4 5  2  3  4  
8 14 14 15 16 17 17 15 16 
-1 -1 -1 -1 -1 -1 -1 -1 -1 -1 -1 -1 -1 -1 6 -1 -1 6 14 
6 4 15
Pyramid:0:0:0:0:0:1:0:0:0:0:0:0:0:0:
0 0 0 
1 0 0 
1 1 0 
0 1 0 
0.5 0.5 1 
0.25 0.25 0.5 
5 5 1  0  3  2  4  
5 5 0  1  2  3  5  
4 4 5  1  2  4  
4 4 5  2  3  4  
8 15 16 14 14 15 16 17 17 
-1 -1 -1 -1 -1 -1 -1 -1 -1 -1 -1 -1 -1 -1 7 6 -1 -1 15 
6 4 16
Pyramid:0:0:0:0:0:0:0:1:0:0:0:0:0:0:
0 0 0 
1 0 0 
1 1 0 
0 1 0 
0.5 0.5 1 
0.25 0.25 0.5 
5 5 1  2  3  0  4  
5 5 0  1  2  3  5  
4 4 5  1  2  4  
4 4 5  2  3  4  
8 16 15 17 17 16 15 14 14 
-1 -1 -1 -1 -1 -1 -1 -1 -1 -1 -1 -1 -1 -1 -1 -1 6 7 16 
6 4 17
Pyramid:0:0:0:0:0:0:1:0:0:0:0:0:0:0:
0 0 0 
1 0 0 
1 1 0 
0 1 0 
0.5 0.5 1 
0.25 0.25 0.5 
5 5 2  1  0  3  4  
5 5 0  1  2  3  5  
4 4 5  1  2  4  
4 4 5  2  3  4  
8 17 17 16 15 14 14 16 15 
-1 -1 -1 -1 -1 -1 -1 -1 -1 -1 -1 -1 -1 -1 -1 7 7 -1 17 
6 4 18
Pyramid:1:0:0:0:0:0:0:0:0:0:0:0:0:0:
0 0 0 
1 0 0 
1 1 0 
0 1 0 
0.5 0.5 1 
0.5 0 0 
5 5 0  1  2  3  4  
4 4 0  5  3  4  
4 4 5  1  2  4  
4 4 5  2  3  4  
8 18 19 18 19 20 21 20 21 
-1 -1 -1 -1 -1 -1 -1 -1 -1 -1 -1 -1 -1 11 5 -1 -1 -1 18 
6 4 19
Pyramid:0:0:0:1:0:0:0:0:0:0:0:0:0:0:
0 0 0 
1 0 0 
1 1 0 
0 1 0 
0.5 0.5 1 
0.5 0 0 
5 5 0  3  2  1  4  
4 4 0  5  3  4  
4 4 5  1  2  4  
4 4 5  2  3  4  
8 19 18 20 21 21 20 18 19 
-1 -1 -1 -1 -1 -1 -1 -1 -1 -1 -1 -1 -1 12 -1 -1 -1 5 19 
6 4 20
Pyramid:0:1:0:0:0:0:0:0:0:0:0:0:0:0:
0 0 0 
1 0 0 
1 1 0 
0 1 0 
0.5 0.5 1 
0.5 0 0 
5 5 3  0  1  2  4  
4 4 0  5  3  4  
4 4 5  1  2  4  
4 4 5  2  3  4  
8 20 21 19 18 18 19 21 20 
-1 -1 -1 -1 -1 -1 -1 -1 -1 -1 -1 -1 -1 13 -1 5 -1 -1 20 
6 4 21
Pyramid:0:0:1:0:0:0:0:0:0:0:0:0:0:0:
0 0 0 
1 0 0 
1 1 0 
0 1 0 
0.5 0.5 1 
0.5 0 0 
5 5 3  2  1  0  4  
4 4 0  5  3  4  
4 4 5  1  2  4  
4 4 5  2  3  4  
8 21 20 21 20 19 18 19 18 
-1 -1 -1 -1 -1 -1 -1 -1 -1 -1 -1 -1 -1 14 -1 -1 5 -1 21 
18 9 0
UNIFORM_PRISM
0 0 -1 
1 0 -1 
0 1 -1 
0 0 1 
1 0 1 
0 1 1 
0.5 0 -1 
0.5 0.5 -1 
0 0.5 -1 
0 0 0 
1 0 0 
0 1 0 
0.5 0 1 
0.5 0.5 1 
0 0.5 1 
0.5 0 0 
0.5 0.5 0 
0 0.5 0 
6 6 0  1  2  3  4  5  
6 6 0  6  8  9  15  17  
6 6 6  1  7  15  10  16  
6 6 8  7  2  17  16  11  
6 6 17  16  15  8  7  6  
6 6 9  15  17  3  12  14  
6 6 15  10  16  12  4  13  
6 6 17  16  11  14  13  5  
6 6 14  13  12  17  16  15  
12 0 0 0 0 0 0 0 0 0 0 0 0 
-1 -1 -1 -1 -1 -1 -1 -1 -1 -1 -1 -1 -1 -1 -1 -1 -1 -1 -1 -1 -1 
7 4 1
Prism:0:0:0:0:0:1:0:0:0:0:0:0:0:0:0:
0 0 -1 
1 0 -1 
0 1 -1 
0 0 1 
1 0 1 
0 1 1 
0 1 0 
6 6 0  1  2  3  4  5  
4 4 0  1  2  6  
5 5 0  1  4  3  6  
4 4 3  4  5  6  
12 1 2 1 2 3 3 1 2 1 2 3 3 
-1 -1 -1 -1 -1 -1 -1 -1 -1 -1 -1 -1 -1 -1 -1 -1 -1 13 13 -1 1 
7 4 2
Prism:0:0:0:0:1:0:0:0:0:0:0:0:0:0:0:
0 0 -1 
1 0 -1 
0 1 -1 
0 0 1 
1 0 1 
0 1 1 
0 1 0 
6 6 0  2  1  3  5  4  
4 4 0  1  2  6  
5 5 0  1  4  3  6  
4 4 3  4  5  6  
12 2 1 3 3 1 2 2 1 3 3 1 2 
-1 -1 -1 -1 -1 -1 -1 -1 -1 -1 -1 -1 -1 -1 -1 -1 13 12 -1 -1 2 
7 4 3
Prism:0:0:0:1:0:0:0:0:0:0:0:0:0:0:0:
0 0 -1 
1 0 -1 
0 1 -1 
0 0 1 
1 0 1 
0 1 1 
0 1 0 
6 6 2  0  1  5  3  4  
4 4 0  1  2  6  
5 5 0  1  4  3  6  
4 4 3  4  5  6  
12 3 3 2 1 2 1 3 3 2 1 2 1 
-1 -1 -1 -1 -1 -1 -1 -1 -1 -1 -1 -1 -1 -1 -1 -1 12 -1 12 -1 3 
7 4 4
Prism:0:0:0:0:0:0:1:0:0:0:0:0:0:0:0:
0 0 -1 
1 0 -1 
0 1 -1 
0 0 1 
1 0 1 
0 1 1 
0.5 0 1 
6 6 0  1  2  3  4  5  
5 5 0  2  5  3  6  
4 4 0  1  2  6  
5 5 1  4  5  2  6  
12 4 5 4 5 6 6 9 8 9 8 7 7 
-1 -1 -1 -1 -1 -1 -1 -1 -1 -1 -1 -1 -1 -1 -1 -1 14 -1 -1 5 4 
7 4 5
Prism:0:0:0:0:0:0:0:0:1:0:0:0:0:0:0:
0 0 -1 
1 0 -1 
0 1 -1 
0 0 1 
1 0 1 
0 1 1 
0.5 0 1 
6 6 0  2  1  3  5  4  
5 5 0  2  5  3  6  
4 4 0  1  2  6  
5 5 1  4  5  2  6  
12 5 4 6 6 4 5 8 9 7 7 9 8 
-1 -1 -1 -1 -1 -1 -1 -1 -1 -1 -1 -1 -1 -1 -1 -1 -1 -1 14 6 5 
7 4 6
Prism:0:0:0:0:0:0:0:1:0:0:0:0:0:0:0:
0 0 -1 
1 0 -1 
0 1 -1 
0 0 1 
1 0 1 
0 1 1 
0.5 0 1 
6 6 2  0  1  5  3  4  
5 5 0  2  5  3  6  
4 4 0  1  2  6  
5 5 1  4  5  2  6  
12 6 6 5 4 5 4 7 7 8 9 8 9 
-1 -1 -1 -1 -1 -1 -1 -1 -1 -1 -1 -1 -1 -1 -1 -1 -1 14 -1 7 6 
7 4 7
Prism:0:1:0:0:0:0:0:0:0:0:0:0:0:0:0:
0 0 -1 
1 0 -1 
0 1 -1 
0 0 1 
1 0 1 
0 1 1 
0.5 0 1 
6 6 5  3  4  2  0  1  
5 5 0  2  5  3  6  
4 4 0  1  2  6  
5 5 1  4  5  2  6  
12 7 7 8 9 8 9 6 6 5 4 5 4 
-1 -1 -1 -1 -1 -1 -1 -1 -1 -1 -1 -1 -1 -1 -1 7 -1 11 -1 -1 7 
7 4 8
Prism:0:0:1:0:0:0:0:0:0:0:0:0:0:0:0:
0 0 -1 
1 0 -1 
0 1 -1 
0 0 1 
1 0 1 
0 1 1 
0.5 0 1 
6 6 3  5  4  0  2  1  
5 5 0  2  5  3  6  
4 4 0  1  2  6  
5 5 1  4  5  2  6  
12 8 9 7 7 9 8 5 4 6 6 4 5 
-1 -1 -1 -1 -1 -1 -1 -1 -1 -1 -1 -1 -1 -1 -1 6 -1 -1 11 -1 8 
7 4 9
Prism:1:0:0:0:0:0:0:0:0:0:0:0:0:0:0:
0 0 -1 
1 0 -1 
0 1 -1 
0 0 1 
1 0 1 
0 1 1 
0.5 0 1 
6 6 3  4  5  0  1  2  
5 5 0  2  5  3  6  
4 4 0  1  2  6  
5 5 1  4  5  2  6  
12 9 8 9 8 7 7 4 5 4 5 6 6 
-1 -1 -1 -1 -1 -1 -1 -1 -1 -1 -1 -1 -1 -1 -1 5 11 -1 -1 -1 9 
27 9 0
HALF_HEXA
-1 -1 -1 
1 -1 -1 
1 1 -1 
-1 1 -1 
-1 -1 1 
1 -1 1 
1 1 1 
-1 1 1 
0 -1 -1 
1 0 -1 
0 1 -1 
-1 0 -1 
-1 -1 0 
1 -1 0 
1 1 0 
-1 1 0 
0 -1 1 
1 0 1 
0 1 1 
-1 0 1 
0 0 -1 
0 -1 0 
1 0 0 
0 1 0 
-1 0 0 
0 0 1 
0 0 0 
7 8 0  1  2  3  4  5  6  7  
7 8 0  8  20  11  12  21  26  24  
7 8 8  1  9  20  21  13  22  26  
7 8 20  9  2  10  26  22  14  23  
7 8 11  20  10  3  24  26  23  15  
7 8 12  21  26  24  4  16  25  19  
7 8 21  13  22  26  16  5  17  25  
7 8 26  22  14  23  25  17  6  18  
7 8 24  26  23  15  19  25  18  7  
48 0 0 0 0 0 0 0 0 0 0 0 0 0 0 0 0 0 0 0 0 0 0 0 0 0 0 0 0 0 0 0 0 0 0 0 0 0 0 0 0 0 0 0 0 0 0 0 0 
-1 -1 -1 -1 -1 -1 -1 -1 -1 -1 -1 -1 -1 -1 -1 -1 -1 -1 -1 -1 -1 -1 -1 -1 -1 -1 -1 
12 3 1
Hexa:0:0:0:0:1:1:1:1:0:0:0:0:0:0:0:0:0:0:0:
0 0 0 
1 0 0 
1 1 0 
0 1 0 
0 0 1 
1 0 1 
1 1 1 
0 1 1 
0 0 0.5 
1 0 0.5 
1 1 0.5 
0 1 0.5 
7 8 0  1  2  3  4  5  6  7  
7 8 0  1  2  3  8  9  10  11  
7 8 8  9  10  11  4  5  6  7  
48 1 2 1 2 3 3 1 2 1 2 3 3 1 2 1 2 3 3 1 2 1 2 3 3 3 3 2 1 2 1 3 3 2 1 2 1 3 3 2 1 2 1 3 3 2 1 2 1 
-1 -1 -1 -1 -1 -1 -1 -1 -1 -1 -1 -1 -1 -1 -1 -1 -1 -1 -1 -1 -1 10 10 10 10 -1 1 
12 3 2
Hexa:0:1:0:1:0:0:0:0:0:1:0:1:0:0:0:0:0:0:0:
0 0 0 
1 0 0 
1 1 0 
0 1 0 
0 0 1 
1 0 1 
1 1 1 
0 1 1 
0 0 0.5 
1 0 0.5 
1 1 0.5 
0 1 0.5 
7 8 0  1  5  4  3  2  6  7  
7 8 0  1  2  3  8  9  10  11  
7 8 8  9  10  11  4  5  6  7  
48 2 1 3 3 1 2 2 1 3 3 1 2 3 3 2 1 2 1 3 3 2 1 2 1 1 2 1 2 3 3 1 2 1 2 3 3 2 1 3 3 1 2 2 1 3 3 1 2 
-1 -1 -1 -1 -1 -1 -1 -1 -1 -1 -1 -1 -1 -1 -1 -1 -1 -1 -1 -1 10 -1 9 -1 9 10 2 
12 3 3
Hexa:1:0:1:0:0:0:0:0:1:0:1:0:0:0:0:0:0:0:0:
0 0 0 
1 0 0 
1 1 0 
0 1 0 
0 0 1 
1 0 1 
1 1 1 
0 1 1 
0 0 0.5 
1 0 0.5 
1 1 0.5 
0 1 0.5 
7 8 0  4  5  1  3  7  6  2  
7 8 0  1  2  3  8  9  10  11  
7 8 8  9  10  11  4  5  6  7  
48 3 3 2 1 2 1 3 3 2 1 2 1 2 1 3 3 1 2 2 1 3 3 1 2 2 1 3 3 1 2 2 1 3 3 1 2 1 2 1 2 3 3 1 2 1 2 3 3 
-1 -1 -1 -1 -1 -1 -1 -1 -1 -1 -1 -1 -1 -1 -1 -1 -1 -1 -1 -1 9 9 -1 9 -1 9 3 
12 5 4
Hexa:0:0:0:0:1:0:0:1:1:0:1:0:0:0:0:0:0:0:0:
0 0 0 
1 0 0 
1 1 0 
0 1 0 
0 0 1 
1 0 1 
1 1 1 
0 1 1 
0 0 0.5 
0 1 0.5 
0.5 0 1 
0.5 1 1 
7 8 0  1  2  3  4  5  6  7  
6 6 0  1  8  3  2  9  
6 6 8  1  10  9  2  11  
6 6 10  1  5  11  2  6  
6 6 8  10  4  9  11  7  
48 4 5 9 8 6 7 10 11 12 12 11 10 12 12 10 11 10 11 9 8 4 5 7 6 13 14 13 14 15 15 5 4 6 7 9 8 4 5 9 8 6 7 14 13 15 15 13 14 
-1 -1 -1 -1 -1 -1 -1 -1 -1 -1 -1 -1 -1 -1 -1 -1 -1 -1 -1 -1 -1 6 -1 6 10 9 4 
12 5 5
Hexa:0:0:1:1:0:0:0:0:0:0:1:1:0:0:0:0:0:0:0:
0 0 0 
1 0 0 
1 1 0 
0 1 0 
0 0 1 
1 0 1 
1 1 1 
0 1 1 
0 0 0.5 
0 1 0.5 
0.5 0 1 
0.5 1 1 
7 8 0  1  5  4  3  2  6  7  
6 6 0  1  8  3  2  9  
6 6 8  1  10  9  2  11  
6 6 10  1  5  11  2  6  
6 6 8  10  4  9  11  7  
48 5 4 6 7 9 8 11 10 11 10 12 12 5 4 6 7 9 8 13 14 13 14 15 15 9 8 4 5 7 6 12 12 10 11 10 11 9 8 4 5 7 6 15 15 14 13 14 13 
-1 -1 -1 -1 -1 -1 -1 -1 -1 -1 -1 -1 -1 -1 -1 -1 -1 -1 -1 -1 6 -1 -1 9 9 6 5 
12 5 6
Hexa:1:1:0:0:0:0:0:0:1:1:0:0:0:0:0:0:0:0:0:
0 0 0 
1 0 0 
1 1 0 
0 1 0 
0 0 1 
1 0 1 
1 1 1 
0 1 1 
0 0 0.5 
0 1 0.5 
0.5 0 1 
0.5 1 1 
7 8 0  4  5  1  3  7  6  2  
6 6 0  1  8  3  2  9  
6 6 8  1  10  9  2  11  
6 6 10  1  5  11  2  6  
6 6 8  10  4  9  11  7  
48 6 7 5 4 8 9 13 14 13 14 15 15 6 7 5 4 8 9 11 10 11 10 12 12 8 9 7 6 4 5 15 15 14 13 14 13 8 9 7 6 4 5 12 12 10 11 10 11 
-1 -1 -1 -1 -1 -1 -1 -1 -1 -1 -1 -1 -1 -1 -1 -1 -1 -1 -1 -1 5 9 9 -1 -1 5 6 
12 5 7
Hexa:1:0:1:0:0:1:1:0:0:0:0:0:0:0:0:0:0:0:0:
0 0 0 
1 0 0 
1 1 0 
0 1 0 
0 0 1 
1 0 1 
1 1 1 
0 1 1 
0 0 0.5 
0 1 0.5 
0.5 0 1 
0.5 1 1 
7 8 0  4  7  3  1  5  6  2  
6 6 0  1  8  3  2  9  
6 6 8  1  10  9  2  11  
6 6 10  1  5  11  2  6  
6 6 8  10  4  9  11  7  
48 7 6 8 9 5 4 14 13 15 15 13 14 15 15 14 13 14 13 8 9 7 6 4 5 11 10 11 10 12 12 6 7 5 4 8 9 7 6 8 9 5 4 10 11 12 12 11 10 
-1 -1 -1 -1 -1 -1 -1 -1 -1 -1 -1 -1 -1 -1 -1 -1 -1 -1 -1 -1 9 5 10 5 -1 -1 7 
12 5 8
Hexa:0:1:0:1:0:0:1:1:0:0:0:0:0:0:0:0:0:0:0:
0 0 0 
1 0 0 
1 1 0 
0 1 0 
0 0 1 
1 0 1 
1 1 1 
0 1 1 
0 0 0.5 
0 1 0.5 
0.5 0 1 
0.5 1 1 
7 8 0  3  7  4  1  2  6  5  
6 6 0  1  8  3  2  9  
6 6 8  1  10  9  2  11  
6 6 10  1  5  11  2  6  
6 6 8  10  4  9  11  7  
48 8 9 7 6 4 5 8 9 7 6 4 5 14 13 15 15 13 14 14 13 15 15 13 14 10 11 12 12 11 10 10 11 12 12 11 10 6 7 5 4 8 9 6 7 5 4 8 9 
-1 -1 -1 -1 -1 -1 -1 -1 -1 -1 -1 -1 -1 -1 -1 -1 -1 -1 -1 -1 10 -1 5 10 5 -1 8 
12 5 9
Hexa:0:0:0:0:1:1:0:0:0:1:0:1:0:0:0:0:0:0:0:
0 0 0 
1 0 0 
1 1 0 
0 1 0 
0 0 1 
1 0 1 
1 1 1 
0 1 1 
0 0 0.5 
0 1 0.5 
0.5 0 1 
0.5 1 1 
7 8 0  3  2  1  4  7  6  5  
6 6 0  1  8  3  2  9  
6 6 8  1  10  9  2  11  
6 6 10  1  5  11  2  6  
6 6 8  10  4  9  11  7  
48 9 8 4 5 7 6 9 8 4 5 7 6 10 11 12 12 11 10 10 11 12 12 11 10 14 13 15 15 13 14 14 13 15 15 13 14 5 4 6 7 9 8 5 4 6 7 9 8 
-1 -1 -1 -1 -1 -1 -1 -1 -1 -1 -1 -1 -1 -1 -1 -1 -1 -1 -1 -1 -1 10 6 -1 6 10 9 
12 5 10
Hexa:0:0:0:0:0:1:1:0:1:0:1:0:0:0:0:0:0:0:0:
0 0 0 
1 0 0 
1 1 0 
0 1 0 
0 0 1 
1 0 1 
1 1 1 
0 1 1 
0 0 0.5 
0 1 0.5 
0.5 0 1 
0.5 1 1 
7 8 2  3  0  1  6  7  4  5  
6 6 0  1  8  3  2  9  
6 6 8  1  10  9  2  11  
6 6 10  1  5  11  2  6  
6 6 8  10  4  9  11  7  
48 10 11 12 12 11 10 4 5 9 8 6 7 9 8 4 5 7 6 12 12 10 11 10 11 5 4 6 7 9 8 13 14 13 14 15 15 14 13 15 15 13 14 4 5 9 8 6 7 
-1 -1 -1 -1 -1 -1 -1 -1 -1 -1 -1 -1 -1 -1 -1 -1 -1 -1 -1 -1 -1 7 10 7 -1 9 10 
12 5 11
Hexa:0:1:1:0:0:0:0:0:0:1:1:0:0:0:0:0:0:0:0:
0 0 0 
1 0 0 
1 1 0 
0 1 0 
0 0 1 
1 0 1 
1 1 1 
0 1 1 
0 0 0.5 
0 1 0.5 
0.5 0 1 
0.5 1 1 
7 8 2  3  7  6  1  0  4  5  
6 6 0  1  8  3  2  9  
6 6 8  1  10  9  2  11  
6 6 10  1  5  11  2  6  
6 6 8  10  4  9  11  7  
48 11 10 11 10 12 12 5 4 6 7 9 8 13 14 13 14 15 15 5 4 6 7 9 8 12 12 10 11 10 11 9 8 4 5 7 6 15 15 14 13 14 13 9 8 4 5 7 6 
-1 -1 -1 -1 -1 -1 -1 -1 -1 -1 -1 -1 -1 -1 -1 -1 -1 -1 -1 -1 7 -1 9 9 -1 7 11 
12 5 12
Hexa:0:0:0:0:0:0:1:1:0:1:0:1:0:0:0:0:0:0:0:
0 0 0 
1 0 0 
1 1 0 
0 1 0 
0 0 1 
1 0 1 
1 1 1 
0 1 1 
0 0 0.5 
0 1 0.5 
0.5 0 1 
0.5 1 1 
7 8 2  1  0  3  6  5  4  7  
6 6 0  1  8  3  2  9  
6 6 8  1  10  9  2  11  
6 6 10  1  5  11  2  6  
6 6 8  10  4  9  11  7  
48 12 12 10 11 10 11 12 12 10 11 10 11 4 5 9 8 6 7 4 5 9 8 6 7 4 5 9 8 6 7 4 5 9 8 6 7 13 14 13 14 15 15 13 14 13 14 15 15 
-1 -1 -1 -1 -1 -1 -1 -1 -1 -1 -1 -1 -1 -1 -1 -1 -1 -1 -1 -1 -1 -1 7 10 7 10 12 
12 5 13
Hexa:1:0:0:1:0:0:0:0:1:0:0:1:0:0:0:0:0:0:0:
0 0 0 
1 0 0 
1 1 0 
0 1 0 
0 0 1 
1 0 1 
1 1 1 
0 1 1 
0 0 0.5 
0 1 0.5 
0.5 0 1 
0.5 1 1 
7 8 4  0  1  5  7  3  2  6  
6 6 0  1  8  3  2  9  
6 6 8  1  10  9  2  11  
6 6 10  1  5  11  2  6  
6 6 8  10  4  9  11  7  
48 13 14 13 14 15 15 6 7 5 4 8 9 11 10 11 10 12 12 6 7 5 4 8 9 15 15 14 13 14 13 8 9 7 6 4 5 12 12 10 11 10 11 8 9 7 6 4 5 
-1 -1 -1 -1 -1 -1 -1 -1 -1 -1 -1 -1 -1 -1 -1 -1 -1 -1 -1 -1 8 9 -1 -1 9 8 13 
12 5 14
Hexa:1:0:1:0:1:0:0:1:0:0:0:0:0:0:0:0:0:0:0:
0 0 0 
1 0 0 
1 1 0 
0 1 0 
0 0 1 
1 0 1 
1 1 1 
0 1 1 
0 0 0.5 
0 1 0.5 
0.5 0 1 
0.5 1 1 
7 8 4  0  3  7  5  1  2  6  
6 6 0  1  8  3  2  9  
6 6 8  1  10  9  2  11  
6 6 10  1  5  11  2  6  
6 6 8  10  4  9  11  7  
48 14 13 15 15 13 14 7 6 8 9 5 4 8 9 7 6 4 5 15 15 14 13 14 13 6 7 5 4 8 9 11 10 11 10 12 12 10 11 12 12 11 10 7 6 8 9 5 4 
-1 -1 -1 -1 -1 -1 -1 -1 -1 -1 -1 -1 -1 -1 -1 -1 -1 -1 -1 -1 9 8 -1 8 10 -1 14 
12 5 15
Hexa:0:1:0:1:1:1:0:0:0:0:0:0:0:0:0:0:0:0:0:
0 0 0 
1 0 0 
1 1 0 
0 1 0 
0 0 1 
1 0 1 
1 1 1 
0 1 1 
0 0 0.5 
0 1 0.5 
0.5 0 1 
0.5 1 1 
7 8 4  7  3  0  5  6  2  1  
6 6 0  1  8  3  2  9  
6 6 8  1  10  9  2  11  
6 6 10  1  5  11  2  6  
6 6 8  10  4  9  11  7  
48 15 15 14 13 14 13 15 15 14 13 14 13 7 6 8 9 5 4 7 6 8 9 5 4 7 6 8 9 5 4 7 6 8 9 5 4 11 10 11 10 12 12 11 10 11 10 12 12 
-1 -1 -1 -1 -1 -1 -1 -1 -1 -1 -1 -1 -1 -1 -1 -1 -1 -1 -1 -1 10 10 8 -1 8 -1 15 
10 4 16
Hexa:0:0:0:0:0:1:1:0:0:0:0:0:0:0:0:0:0:0:0:
0 0 0 
1 0 0 
1 1 0 
0 1 0 
0 0 1 
1 0 1 
1 1 1 
0 1 1 
1 0 0.5 
1 1 0.5 
7 8 0  1  2  3  4  5  6  7  
6 6 0  1  8  3  2  9  
6 6 0  8  4  3  9  7  
6 6 4  8  5  7  9  6  
48 16 17 21 20 18 19 22 23 27 26 24 25 27 26 22 23 25 24 21 20 16 17 19 18 18 19 17 16 20 21 24 25 23 22 26 27 25 24 26 27 23 22 19 18 20 21 17 16 
-1 -1 -1 -1 -1 -1 -1 -1 -1 -1 -1 -1 -1 -1 -1 -1 -1 -1 -1 -1 -1 13 10 13 -1 -1 16 
10 4 17
Hexa:0:1:0:0:0:0:0:0:0:1:0:0:0:0:0:0:0:0:0:
0 0 0 
1 0 0 
1 1 0 
0 1 0 
0 0 1 
1 0 1 
1 1 1 
0 1 1 
1 0 0.5 
1 1 0.5 
7 8 0  1  5  4  3  2  6  7  
6 6 0  1  8  3  2  9  
6 6 0  8  4  3  9  7  
6 6 4  8  5  7  9  6  
48 17 16 18 19 21 20 23 22 24 25 27 26 24 25 23 22 26 27 18 19 17 16 20 21 21 20 16 17 19 18 27 26 22 23 25 24 26 27 25 24 22 23 20 21 19 18 16 17 
-1 -1 -1 -1 -1 -1 -1 -1 -1 -1 -1 -1 -1 -1 -1 -1 -1 -1 -1 -1 13 -1 9 -1 -1 13 17 
10 4 18
Hexa:0:0:1:0:0:0:0:0:0:0:1:0:0:0:0:0:0:0:0:
0 0 0 
1 0 0 
1 1 0 
0 1 0 
0 0 1 
1 0 1 
1 1 1 
0 1 1 
1 0 0.5 
1 1 0.5 
7 8 0  4  5  1  3  7  6  2  
6 6 0  1  8  3  2  9  
6 6 0  8  4  3  9  7  
6 6 4  8  5  7  9  6  
48 18 19 17 16 20 21 18 19 17 16 20 21 23 22 24 25 27 26 23 22 24 25 27 26 20 21 19 18 16 17 20 21 19 18 16 17 27 26 22 23 25 24 27 26 22 23 25 24 
-1 -1 -1 -1 -1 -1 -1 -1 -1 -1 -1 -1 -1 -1 -1 -1 -1 -1 -1 -1 14 -1 -1 9 -1 14 18 
10 4 19
Hexa:0:0:0:0:0:0:0:0:1:0:1:0:0:0:0:0:0:0:0:
0 0 0 
1 0 0 
1 1 0 
0 1 0 
0 0 1 
1 0 1 
1 1 1 
0 1 1 
1 0 0.5 
1 1 0.5 
7 8 0  4  7  3  1  5  6  2  
6 6 0  1  8  3  2  9  
6 6 0  8  4  3  9  7  
6 6 4  8  5  7  9  6  
48 19 18 20 21 17 16 19 18 20 21 17 16 20 21 19 18 16 17 20 21 19 18 16 17 23 22 24 25 27 26 23 22 24 25 27 26 22 23 27 26 24 25 22 23 27 26 24 25 
-1 -1 -1 -1 -1 -1 -1 -1 -1 -1 -1 -1 -1 -1 -1 -1 -1 -1 -1 -1 -1 14 -1 14 -1 9 19 
10 4 20
Hexa:0:0:0:0:0:0:0:0:0:1:0:1:0:0:0:0:0:0:0:
0 0 0 
1 0 0 
1 1 0 
0 1 0 
0 0 1 
1 0 1 
1 1 1 
0 1 1 
1 0 0.5 
1 1 0.5 
7 8 0  3  7  4  1  2  6  5  
6 6 0  1  8  3  2  9  
6 6 0  8  4  3  9  7  
6 6 4  8  5  7  9  6  
48 20 21 19 18 16 17 20 21 19 18 16 17 19 18 20 21 17 16 19 18 20 21 17 16 22 23 27 26 24 25 22 23 27 26 24 25 23 22 24 25 27 26 23 22 24 25 27 26 
-1 -1 -1 -1 -1 -1 -1 -1 -1 -1 -1 -1 -1 -1 -1 -1 -1 -1 -1 -1 -1 -1 14 -1 14 10 20 
10 4 21
Hexa:0:0:0:0:0:0:1:1:0:0:0:0:0:0:0:0:0:0:0:
0 0 0 
1 0 0 
1 1 0 
0 1 0 
0 0 1 
1 0 1 
1 1 1 
0 1 1 
1 0 0.5 
1 1 0.5 
7 8 0  3  2  1  4  7  6  5  
6 6 0  1  8  3  2  9  
6 6 0  8  4  3  9  7  
6 6 4  8  5  7  9  6  
48 21 20 16 17 19 18 21 20 16 17 19 18 22 23 27 26 24 25 22 23 27 26 24 25 19 18 20 21 17 16 19 18 20 21 17 16 24 25 23 22 26 27 24 25 23 22 26 27 
-1 -1 -1 -1 -1 -1 -1 -1 -1 -1 -1 -1 -1 -1 -1 -1 -1 -1 -1 -1 -1 -1 13 10 13 -1 21 
10 4 22
Hexa:0:0:0:0:1:0:0:1:0:0:0:0:0:0:0:0:0:0:0:
0 0 0 
1 0 0 
1 1 0 
0 1 0 
0 0 1 
1 0 1 
1 1 1 
0 1 1 
1 0 0.5 
1 1 0.5 
7 8 2  3  0  1  6  7  4  5  
6 6 0  1  8  3  2  9  
6 6 0  8  4  3  9  7  
6 6 4  8  5  7  9  6  
48 22 23 27 26 24 25 16 17 21 20 18 19 21 20 16 17 19 18 27 26 22 23 25 24 24 25 23 22 26 27 18 19 17 16 20 21 19 18 20 21 17 16 25 24 26 27 23 22 
-1 -1 -1 -1 -1 -1 -1 -1 -1 -1 -1 -1 -1 -1 -1 -1 -1 -1 -1 -1 -1 12 -1 12 10 -1 22 
10 4 23
Hexa:0:0:0:1:0:0:0:0:0:0:0:1:0:0:0:0:0:0:0:
0 0 0 
1 0 0 
1 1 0 
0 1 0 
0 0 1 
1 0 1 
1 1 1 
0 1 1 
1 0 0.5 
1 1 0.5 
7 8 2  3  7  6  1  0  4  5  
6 6 0  1  8  3  2  9  
6 6 0  8  4  3  9  7  
6 6 4  8  5  7  9  6  
48 23 22 24 25 27 26 17 16 18 19 21 20 18 19 17 16 20 21 24 25 23 22 26 27 27 26 22 23 25 24 21 20 16 17 19 18 20 21 19 18 16 17 26 27 25 24 22 23 
-1 -1 -1 -1 -1 -1 -1 -1 -1 -1 -1 -1 -1 -1 -1 -1 -1 -1 -1 -1 12 -1 -1 -1 9 12 23 
10 4 24
Hexa:1:0:0:0:0:0:0:0:1:0:0:0:0:0:0:0:0:0:0:
0 0 0 
1 0 0 
1 1 0 
0 1 0 
0 0 1 
1 0 1 
1 1 1 
0 1 1 
1 0 0.5 
1 1 0.5 
7 8 2  6  7  3  1  5  4  0  
6 6 0  1  8  3  2  9  
6 6 0  8  4  3  9  7  
6 6 4  8  5  7  9  6  
48 24 25 23 22 26 27 24 25 23 22 26 27 17 16 18 19 21 20 17 16 18 19 21 20 26 27 25 24 22 23 26 27 25 24 22 23 21 20 16 17 19 18 21 20 16 17 19 18 
-1 -1 -1 -1 -1 -1 -1 -1 -1 -1 -1 -1 -1 -1 -1 -1 -1 -1 -1 -1 11 9 -1 -1 -1 11 24 
10 4 25
Hexa:1:0:1:0:0:0:0:0:0:0:0:0:0:0:0:0:0:0:0:
0 0 0 
1 0 0 
1 1 0 
0 1 0 
0 0 1 
1 0 1 
1 1 1 
0 1 1 
1 0 0.5 
1 1 0.5 
7 8 2  6  5  1  3  7  4  0  
6 6 0  1  8  3  2  9  
6 6 0  8  4  3  9  7  
6 6 4  8  5  7  9  6  
48 25 24 26 27 23 22 25 24 26 27 23 22 26 27 25 24 22 23 26 27 25 24 22 23 17 16 18 19 21 20 17 16 18 19 21 20 16 17 21 20 18 19 16 17 21 20 18 19 
-1 -1 -1 -1 -1 -1 -1 -1 -1 -1 -1 -1 -1 -1 -1 -1 -1 -1 -1 -1 9 11 -1 11 -1 -1 25 
10 4 26
Hexa:0:1:0:1:0:0:0:0:0:0:0:0:0:0:0:0:0:0:0:
0 0 0 
1 0 0 
1 1 0 
0 1 0 
0 0 1 
1 0 1 
1 1 1 
0 1 1 
1 0 0.5 
1 1 0.5 
7 8 2  1  5  6  3  0  4  7  
6 6 0  1  8  3  2  9  
6 6 0  8  4  3  9  7  
6 6 4  8  5  7  9  6  
48 26 27 25 24 22 23 26 27 25 24 22 23 25 24 26 27 23 22 25 24 26 27 23 22 16 17 21 20 18 19 16 17 21 20 18 19 17 16 18 19 21 20 17 16 18 19 21 20 
-1 -1 -1 -1 -1 -1 -1 -1 -1 -1 -1 -1 -1 -1 -1 -1 -1 -1 -1 -1 10 -1 11 -1 11 -1 26 
10 4 27
Hexa:0:0:0:0:1:1:0:0:0:0:0:0:0:0:0:0:0:0:0:
0 0 0 
1 0 0 
1 1 0 
0 1 0 
0 0 1 
1 0 1 
1 1 1 
0 1 1 
1 0 0.5 
1 1 0.5 
7 8 2  1  0  3  6  5  4  7  
6 6 0  1  8  3  2  9  
6 6 0  8  4  3  9  7  
6 6 4  8  5  7  9  6  
48 27 26 22 23 25 24 27 26 22 23 25 24 16 17 21 20 18 19 16 17 21 20 18 19 25 24 26 27 23 22 25 24 26 27 23 22 18 19 17 16 20 21 18 19 17 16 20 21 
-1 -1 -1 -1 -1 -1 -1 -1 -1 -1 -1 -1 -1 -1 -1 -1 -1 -1 -1 -1 -1 10 12 -1 12 -1 27 
11 9 28
Hexa:0:0:0:0:0:1:0:0:1:1:0:0:0:0:0:0:0:0:0:
0 0 0 
1 0 0 
1 1 0 
0 1 0 
0 0 1 
1 0 1 
1 1 1 
0 1 1 
0.5 0 1 
1 0.5 1 
1 0 0.5 
7 8 0  1  2  3  4  5  6  7  
5 5 0  1  2  3  10  
5 5 0  3  7  4  8  
5 5 3  2  6  7  9  
4 4 0  10  8  3  
4 4 2  9  10  3  
4 4 8  9  10  5  
4 4 8  9  7  3  
4 4 8  9  10  3  
48 28 29 30 30 29 28 32 33 32 33 34 34 28 29 30 30 29 28 31 31 31 31 31 31 33 32 34 34 32 33 35 35 35 35 35 35 33 32 34 34 32 33 30 30 28 29 28 29 
-1 -1 -1 -1 -1 -1 -1 -1 -1 -1 -1 -1 -1 -1 -1 -1 -1 -1 -1 -1 -1 7 6 -1 -1 5 28 
11 9 29
Hexa:0:1:1:0:0:0:1:0:0:0:0:0:0:0:0:0:0:0:0:
0 0 0 
1 0 0 
1 1 0 
0 1 0 
0 0 1 
1 0 1 
1 1 1 
0 1 1 
0.5 0 1 
1 0.5 1 
1 0 0.5 
7 8 0  1  5  4  3  2  6  7  
5 5 0  1  2  3  10  
5 5 0  3  7  4  8  
5 5 3  2  6  7  9  
4 4 0  10  8  3  
4 4 2  9  10  3  
4 4 8  9  10  5  
4 4 8  9  7  3  
4 4 8  9  10  3  
48 29 28 29 28 30 30 33 32 34 34 32 33 35 35 35 35 35 35 33 32 34 34 32 33 31 31 31 31 31 31 28 29 30 30 29 28 34 34 33 32 33 32 28 29 30 30 29 28 
-1 -1 -1 -1 -1 -1 -1 -1 -1 -1 -1 -1 -1 -1 -1 -1 -1 -1 -1 -1 7 -1 5 5 -1 -1 29 
11 9 30
Hexa:0:0:0:0:0:0:0:1:0:0:1:1:0:0:0:0:0:0:0:
0 0 0 
1 0 0 
1 1 0 
0 1 0 
0 0 1 
1 0 1 
1 1 1 
0 1 1 
0.5 0 1 
1 0.5 1 
1 0 0.5 
7 8 0  3  2  1  4  7  6  5  
5 5 0  1  2  3  10  
5 5 0  3  7  4  8  
5 5 3  2  6  7  9  
4 4 0  10  8  3  
4 4 2  9  10  3  
4 4 8  9  10  5  
4 4 8  9  7  3  
4 4 8  9  10  3  
48 30 30 28 29 28 29 31 31 31 31 31 31 30 30 28 29 28 29 32 33 32 33 34 34 32 33 32 33 34 34 30 30 28 29 28 29 32 33 32 33 34 34 35 35 35 35 35 35 
-1 -1 -1 -1 -1 -1 -1 -1 -1 -1 -1 -1 -1 -1 -1 -1 -1 -1 -1 -1 -1 -1 -1 6 7 6 30 
11 9 31
Hexa:0:0:0:0:0:0:1:0:0:1:1:0:0:0:0:0:0:0:0:
0 0 0 
1 0 0 
1 1 0 
0 1 0 
0 0 1 
1 0 1 
1 1 1 
0 1 1 
0.5 0 1 
1 0.5 1 
1 0 0.5 
7 8 3  0  1  2  7  4  5  6  
5 5 0  1  2  3  10  
5 5 0  3  7  4  8  
5 5 3  2  6  7  9  
4 4 0  10  8  3  
4 4 2  9  10  3  
4 4 8  9  10  5  
4 4 8  9  7  3  
4 4 8  9  10  3  
48 31 31 31 31 31 31 30 30 28 29 28 29 32 33 32 33 34 34 30 30 28 29 28 29 30 30 28 29 28 29 32 33 32 33 34 34 35 35 35 35 35 35 32 33 32 33 34 34 
-1 -1 -1 -1 -1 -1 -1 -1 -1 -1 -1 -1 -1 -1 -1 -1 -1 -1 -1 -1 -1 -1 7 7 -1 7 31 
11 9 32
Hexa:0:0:0:0:1:0:0:0:1:0:0:1:0:0:0:0:0:0:0:
0 0 0 
1 0 0 
1 1 0 
0 1 0 
0 0 1 
1 0 1 
1 1 1 
0 1 1 
0.5 0 1 
1 0.5 1 
1 0 0.5 
7 8 1  0  3  2  5  4  7  6  
5 5 0  1  2  3  10  
5 5 0  3  7  4  8  
5 5 3  2  6  7  9  
4 4 0  10  8  3  
4 4 2  9  10  3  
4 4 8  9  10  5  
4 4 8  9  7  3  
4 4 8  9  10  3  
48 32 33 32 33 34 34 28 29 30 30 29 28 31 31 31 31 31 31 28 29 30 30 29 28 35 35 35 35 35 35 33 32 34 34 32 33 30 30 28 29 28 29 33 32 34 34 32 33 
-1 -1 -1 -1 -1 -1 -1 -1 -1 -1 -1 -1 -1 -1 -1 -1 -1 -1 -1 -1 -1 6 -1 -1 6 8 32 
11 9 33
Hexa:0:0:1:1:0:0:0:1:0:0:0:0:0:0:0:0:0:0:0:
0 0 0 
1 0 0 
1 1 0 
0 1 0 
0 0 1 
1 0 1 
1 1 1 
0 1 1 
0.5 0 1 
1 0.5 1 
1 0 0.5 
7 8 1  0  4  5  2  3  7  6  
5 5 0  1  2  3  10  
5 5 0  3  7  4  8  
5 5 3  2  6  7  9  
4 4 0  10  8  3  
4 4 2  9  10  3  
4 4 8  9  10  5  
4 4 8  9  7  3  
4 4 8  9  10  3  
48 33 32 34 34 32 33 29 28 29 28 30 30 33 32 34 34 32 33 35 35 35 35 35 35 28 29 30 30 29 28 31 31 31 31 31 31 28 29 30 30 29 28 34 34 33 32 33 32 
-1 -1 -1 -1 -1 -1 -1 -1 -1 -1 -1 -1 -1 -1 -1 -1 -1 -1 -1 -1 6 -1 -1 8 5 -1 33 
11 9 34
Hexa:1:1:0:0:0:1:0:0:0:0:0:0:0:0:0:0:0:0:0:
0 0 0 
1 0 0 
1 1 0 
0 1 0 
0 0 1 
1 0 1 
1 1 1 
0 1 1 
0.5 0 1 
1 0.5 1 
1 0 0.5 
7 8 1  5  4  0  2  6  7  3  
5 5 0  1  2  3  10  
5 5 0  3  7  4  8  
5 5 3  2  6  7  9  
4 4 0  10  8  3  
4 4 2  9  10  3  
4 4 8  9  10  5  
4 4 8  9  7  3  
4 4 8  9  10  3  
48 34 34 33 32 33 32 35 35 35 35 35 35 34 34 33 32 33 32 29 28 29 28 30 30 29 28 29 28 30 30 34 34 33 32 33 32 29 28 29 28 30 30 31 31 31 31 31 31 
-1 -1 -1 -1 -1 -1 -1 -1 -1 -1 -1 -1 -1 -1 -1 -1 -1 -1 -1 -1 5 5 8 -1 -1 -1 34 
11 9 35
Hexa:1:0:0:1:1:0:0:0:0:0:0:0:0:0:0:0:0:0:0:
0 0 0 
1 0 0 
1 1 0 
0 1 0 
0 0 1 
1 0 1 
1 1 1 
0 1 1 
0.5 0 1 
1 0.5 1 
1 0 0.5 
7 8 5  1  0  4  6  2  3  7  
5 5 0  1  2  3  10  
5 5 0  3  7  4  8  
5 5 3  2  6  7  9  
4 4 0  10  8  3  
4 4 2  9  10  3  
4 4 8  9  10  5  
4 4 8  9  7  3  
4 4 8  9  10  3  
48 35 35 35 35 35 35 34 34 33 32 33 32 29 28 29 28 30 30 34 34 33 32 33 32 34 34 33 32 33 32 29 28 29 28 30 30 31 31 31 31 31 31 29 28 29 28 30 30 
-1 -1 -1 -1 -1 -1 -1 -1 -1 -1 -1 -1 -1 -1 -1 -1 -1 -1 -1 -1 8 8 -1 -1 8 -1 35 
9 5 36
Hexa:1:0:0:0:0:0:0:0:0:0:0:0:0:0:0:0:0:0:0:
-1 -1 -1 
1 -1 -1 
1 1 -1 
-1 1 -1 
-1 -1 1 
1 -1 1 
1 1 1 
-1 1 1 
0 -1 -1 
7 8 0  1  2  3  4  5  6  7  
5 5 1  2  6  5  8  
5 5 2  3  7  6  8  
5 5 0  3  7  4  8  
5 5 4  5  6  7  8  
48 36 36 37 38 37 38 36 36 37 38 37 38 40 39 41 42 44 43 40 39 41 42 44 43 40 39 41 42 44 43 40 39 41 42 44 43 45 46 45 46 47 47 45 46 45 46 47 47 
-1 -1 -1 -1 -1 -1 -1 -1 -1 -1 -1 -1 -1 -1 -1 -1 -1 -1 -1 -1 11 11 -1 -1 -1 -1 36 
9 5 37
Hexa:0:0:0:1:0:0:0:0:0:0:0:0:0:0:0:0:0:0:0:
-1 -1 -1 
1 -1 -1 
1 1 -1 
-1 1 -1 
-1 -1 1 
1 -1 1 
1 1 1 
-1 1 1 
0 -1 -1 
7 8 0  3  2  1  4  7  6  5  
5 5 1  2  6  5  8  
5 5 2  3  7  6  8  
5 5 0  3  7  4  8  
5 5 4  5  6  7  8  
48 37 38 36 36 38 37 40 39 41 42 44 43 41 42 40 39 43 44 36 36 37 38 37 38 39 40 44 43 41 42 45 46 45 46 47 47 46 45 47 47 45 46 40 39 41 42 44 43 
-1 -1 -1 -1 -1 -1 -1 -1 -1 -1 -1 -1 -1 -1 -1 -1 -1 -1 -1 -1 12 -1 -1 -1 11 -1 37 
9 5 38
Hexa:0:0:0:0:1:0:0:0:0:0:0:0:0:0:0:0:0:0:0:
-1 -1 -1 
1 -1 -1 
1 1 -1 
-1 1 -1 
-1 -1 1 
1 -1 1 
1 1 1 
-1 1 1 
0 -1 -1 
7 8 0  3  7  4  1  2  6  5  
5 5 1  2  6  5  8  
5 5 2  3  7  6  8  
5 5 0  3  7  4  8  
5 5 4  5  6  7  8  
48 38 37 38 37 36 36 39 40 44 43 41 42 45 46 45 46 47 47 39 40 44 43 41 42 36 36 37 38 37 38 41 42 40 39 43 44 47 47 46 45 46 45 41 42 40 39 43 44 
-1 -1 -1 -1 -1 -1 -1 -1 -1 -1 -1 -1 -1 -1 -1 -1 -1 -1 -1 -1 -1 12 -1 -1 12 -1 38 
9 5 39
Hexa:0:0:0:0:0:1:0:0:0:0:0:0:0:0:0:0:0:0:0:
-1 -1 -1 
1 -1 -1 
1 1 -1 
-1 1 -1 
-1 -1 1 
1 -1 1 
1 1 1 
-1 1 1 
0 -1 -1 
7 8 3  0  4  7  2  1  5  6  
5 5 1  2  6  5  8  
5 5 2  3  7  6  8  
5 5 0  3  7  4  8  
5 5 4  5  6  7  8  
48 39 40 44 43 41 42 38 37 38 37 36 36 39 40 44 43 41 42 45 46 45 46 47 47 41 42 40 39 43 44 36 36 37 38 37 38 41 42 40 39 43 44 47 47 46 45 46 45 
-1 -1 -1 -1 -1 -1 -1 -1 -1 -1 -1 -1 -1 -1 -1 -1 -1 -1 -1 -1 -1 13 12 -1 -1 -1 39 
9 5 40
Hexa:0:1:0:0:0:0:0:0:0:0:0:0:0:0:0:0:0:0:0:
-1 -1 -1 
1 -1 -1 
1 1 -1 
-1 1 -1 
-1 -1 1 
1 -1 1 
1 1 1 
-1 1 1 
0 -1 -1 
7 8 3  0  1  2  7  4  5  6  
5 5 1  2  6  5  8  
5 5 2  3  7  6  8  
5 5 0  3  7  4  8  
5 5 4  5  6  7  8  
48 40 39 41 42 44 43 37 38 36 36 38 37 36 36 37 38 37 38 41 42 40 39 43 44 45 46 45 46 47 47 39 40 44 43 41 42 40 39 41 42 44 43 46 45 47 47 45 46 
-1 -1 -1 -1 -1 -1 -1 -1 -1 -1 -1 -1 -1 -1 -1 -1 -1 -1 -1 -1 13 -1 11 -1 -1 -1 40 
9 5 41
Hexa:0:0:1:0:0:0:0:0:0:0:0:0:0:0:0:0:0:0:0:
-1 -1 -1 
1 -1 -1 
1 1 -1 
-1 1 -1 
-1 -1 1 
1 -1 1 
1 1 1 
-1 1 1 
0 -1 -1 
7 8 3  2  1  0  7  6  5  4  
5 5 1  2  6  5  8  
5 5 2  3  7  6  8  
5 5 0  3  7  4  8  
5 5 4  5  6  7  8  
48 41 42 40 39 43 44 41 42 40 39 43 44 37 38 36 36 38 37 37 38 36 36 38 37 46 45 47 47 45 46 46 45 47 47 45 46 39 40 44 43 41 42 39 40 44 43 41 42 
-1 -1 -1 -1 -1 -1 -1 -1 -1 -1 -1 -1 -1 -1 -1 -1 -1 -1 -1 -1 14 -1 -1 11 -1 -1 41 
9 5 42
Hexa:0:0:0:0:0:0:0:0:1:0:0:0:0:0:0:0:0:0:0:
-1 -1 -1 
1 -1 -1 
1 1 -1 
-1 1 -1 
-1 -1 1 
1 -1 1 
1 1 1 
-1 1 1 
0 -1 -1 
7 8 3  2  6  7  0  1  5  4  
5 5 1  2  6  5  8  
5 5 2  3  7  6  8  
5 5 0  3  7  4  8  
5 5 4  5  6  7  8  
48 42 41 43 44 40 39 42 41 43 44 40 39 46 45 47 47 45 46 46 45 47 47 45 46 37 38 36 36 38 37 37 38 36 36 38 37 44 43 39 40 42 41 44 43 39 40 42 41 
-1 -1 -1 -1 -1 -1 -1 -1 -1 -1 -1 -1 -1 -1 -1 -1 -1 -1 -1 -1 -1 14 -1 -1 -1 11 42 
9 5 43
Hexa:0:0:0:0:0:0:0:0:0:0:0:1:0:0:0:0:0:0:0:
-1 -1 -1 
1 -1 -1 
1 1 -1 
-1 1 -1 
-1 -1 1 
1 -1 1 
1 1 1 
-1 1 1 
0 -1 -1 
7 8 3  7  6  2  0  4  5  1  
5 5 1  2  6  5  8  
5 5 2  3  7  6  8  
5 5 0  3  7  4  8  
5 5 4  5  6  7  8  
48 43 44 42 41 39 40 46 45 47 47 45 46 47 47 46 45 46 45 42 41 43 44 40 39 38 37 38 37 36 36 44 43 39 40 42 41 43 44 42 41 39 40 37 38 36 36 38 37 
-1 -1 -1 -1 -1 -1 -1 -1 -1 -1 -1 -1 -1 -1 -1 -1 -1 -1 -1 -1 -1 -1 -1 -1 14 12 43 
9 5 44
Hexa:0:0:0:0:0:0:0:1:0:0:0:0:0:0:0:0:0:0:0:
-1 -1 -1 
1 -1 -1 
1 1 -1 
-1 1 -1 
-1 -1 1 
1 -1 1 
1 1 1 
-1 1 1 
0 -1 -1 
7 8 3  7  4  0  2  6  5  1  
5 5 1  2  6  5  8  
5 5 2  3  7  6  8  
5 5 0  3  7  4  8  
5 5 4  5  6  7  8  
48 44 43 39 40 42 41 45 46 45 46 47 47 44 43 39 40 42 41 38 37 38 37 36 36 42 41 43 44 40 39 47 47 46 45 46 45 42 41 43 44 40 39 36 36 37 38 37 38 
-1 -1 -1 -1 -1 -1 -1 -1 -1 -1 -1 -1 -1 -1 -1 -1 -1 -1 -1 -1 -1 -1 -1 12 13 -1 44 
9 5 45
Hexa:0:0:0:0:0:0:1:0:0:0:0:0:0:0:0:0:0:0:0:
-1 -1 -1 
1 -1 -1 
1 1 -1 
-1 1 -1 
-1 -1 1 
1 -1 1 
1 1 1 
-1 1 1 
0 -1 -1 
7 8 7  3  0  4  6  2  1  5  
5 5 1  2  6  5  8  
5 5 2  3  7  6  8  
5 5 0  3  7  4  8  
5 5 4  5  6  7  8  
48 45 46 45 46 47 47 44 43 39 40 42 41 38 37 38 37 36 36 44 43 39 40 42 41 47 47 46 45 46 45 42 41 43 44 40 39 36 36 37 38 37 38 42 41 43 44 40 39 
-1 -1 -1 -1 -1 -1 -1 -1 -1 -1 -1 -1 -1 -1 -1 -1 -1 -1 -1 -1 -1 -1 13 13 -1 -1 45 
9 5 46
Hexa:0:0:0:0:0:0:0:0:0:1:0:0:0:0:0:0:0:0:0:
-1 -1 -1 
1 -1 -1 
1 1 -1 
-1 1 -1 
-1 -1 1 
1 -1 1 
1 1 1 
-1 1 1 
0 -1 -1 
7 8 7  3  2  6  4  0  1  5  
5 5 1  2  6  5  8  
5 5 2  3  7  6  8  
5 5 0  3  7  4  8  
5 5 4  5  6  7  8  
48 46 45 47 47 45 46 43 44 42 41 39 40 42 41 43 44 40 39 47 47 46 45 46 45 44 43 39 40 42 41 38 37 38 37 36 36 37 38 36 36 38 37 43 44 42 41 39 40 
-1 -1 -1 -1 -1 -1 -1 -1 -1 -1 -1 -1 -1 -1 -1 -1 -1 -1 -1 -1 -1 -1 14 -1 -1 13 46 
9 5 47
Hexa:0:0:0:0:0:0:0:0:0:0:1:0:0:0:0:0:0:0:0:
-1 -1 -1 
1 -1 -1 
1 1 -1 
-1 1 -1 
-1 -1 1 
1 -1 1 
1 1 1 
-1 1 1 
0 -1 -1 
7 8 7  6  2  3  4  5  1  0  
5 5 1  2  6  5  8  
5 5 2  3  7  6  8  
5 5 0  3  7  4  8  
5 5 4  5  6  7  8  
48 47 47 46 45 46 45 47 47 46 45 46 45 43 44 42 41 39 40 43 44 42 41 39 40 43 44 42 41 39 40 43 44 42 41 39 40 38 37 38 37 36 36 38 37 38 37 36 36 
-1 -1 -1 -1 -1 -1 -1 -1 -1 -1 -1 -1 -1 -1 -1 -1 -1 -1 -1 -1 -1 -1 -1 14 -1 14 47 
