./MHM 4 4 1 2 0 1 0
./MHM 4 4 2 2 0 1 0
./MHM 4 4 3 2 0 1 0
./MHM 4 4 4 2 0 1 1

./MHM 4 4 2 2 0 2 0
./MHM 4 4 3 2 0 2 0
./MHM 4 4 4 2 0 2 1

./MHM 4 4 2 3 0 3 0
./MHM 4 4 3 3 0 3 0
./MHM 4 4 4 3 0 3 1

./MHM 8 8 1 2 0 1 0
./MHM 8 8 2 2 0 1 0
./MHM 8 8 3 2 0 1 0
./MHM 8 8 4 2 0 1 1

./MHM 8 8 2 2 0 2 0
./MHM 8 8 3 2 0 2 0
./MHM 8 8 4 2 0 2 1

./MHM 8 8 2 3 0 3 0
./MHM 8 8 3 3 0 3 0
./MHM 8 8 4 3 0 3 1

./MHM 16 16 1 2 0 1 0
./MHM 16 16 2 2 0 1 0
./MHM 16 16 3 2 0 1 0
./MHM 16 16 4 2 0 1 1

./MHM 16 16 2 2 0 2 0
./MHM 16 16 3 2 0 2 0
./MHM 16 16 4 2 0 2 1

./MHM 16 16 2 3 0 3 0
./MHM 16 16 3 3 0 3 0
./MHM 16 16 4 3 0 3 1

./MHM 32 32 1 2 0 1 0
./MHM 32 32 2 2 0 1 0
./MHM 32 32 3 2 0 1 0
./MHM 32 32 4 2 0 1 1

./MHM 32 32 2 2 0 2 0
./MHM 32 32 3 2 0 2 0
./MHM 32 32 4 2 0 2 1

./MHM 32 32 2 3 0 3 0
./MHM 32 32 3 3 0 3 0
./MHM 32 32 4 3 0 3 1

./MHM 64 64 1 2 0 1 0
./MHM 64 64 2 2 0 1 0
./MHM 64 64 3 2 0 1 0
./MHM 64 64 4 2 0 1 1

./MHM 64 64 2 2 0 2 0
./MHM 64 64 3 2 0 2 0
./MHM 64 64 4 2 0 2 1

./MHM 64 64 2 3 0 3 0
./MHM 64 64 3 3 0 3 0
./MHM 64 64 4 3 0 3 1
