This file format is designed for importing mesh result into sbfem3d project. It is created by Yan LIU (liuyan0411@gmail.com)
12 5
-4.5 -4.5 0
 4.5 -4.5 0
 4.5  4.5 0
-4.5  4.5 0
-1.5 -1.5 0
 0   -1.5 0
 1.5 -1.5 0
 1.5  0   0
 1.5  1.5 0
 0    1.5 0
-1.5  1.5 0
-1.5  0   0
2573
6 2 1 2 2 2 7 2 7 6 2 6 5 2 5 1 1 6
6 2 2 3 2 3 9 2 9 8 2 8 7 2 7 2 1 8
6 2 3 4 2 4 11 2 11 10 2 10 9 2 9 3 1 10
6 2 1 5 2 5 12 2 12 11 2 11 4 2 4 1 1 12
12 2 5 6 2 6 7 2 7 8 2 8 9 2 9 10 2 10 11 2 11 12 2 12 5 1 6 1 8 1 10 1 12 
 0   -2.5 0
 2.5  0   0
 0    2.5 0
-2.5  0   0
0     0   0
0
0
0
0
0
