150
-2.05022 -0.6430 0.175393
2.05022 -0.64303 -0.175393
-1.64507 0.64303 1.23608
1.64507 0.64303 -1.23608
-2.09275 0.330921 0.398127
2.09275 0.330921 -0.398127
-1.33296 1.64692 -0.398127
1.33296 1.64692 0.398127 
-1.82527 -0.330921 1.09842
1.82527 -0.330921 -1.09842
-0.626047  1.74619 -1.09842
0.626047 1.74619 1.09842
-1.06222 1.45402 1.18539
1.06222 1.45402 -1.18539
-1.93214 0.84755 -0.442882
1.93214 0.84755 0.442882
-1.14487 -0.84755  1.6182
1.14487 -0.84755 -1.6182
-1.58199 -1.45402 -0.175393
1.58199 -1.45402 0.175393
-1.05741 0.374822 -1.84093
1.05741 0.374822 1.84093
-0.439138 -0.374822 -2.07709
0.439138 -0.374822 2.07709
-1.56241 -1.2495 0.803274
1.5624 -1.2495 -0.803274
-1.86331 -0.728335 -0.803274
1.86331 -0.728335 0.803274
-1.70007 1.2495 0.442882 
1.70007 1.2495 -0.442882
-0.728114 -1.64692 1.18539
0.728114 -1.64692 -1.18539
-0.265655 -1.74619 -1.23608
0.265655 -1.74619 1.23608
-0.759791 -1.97784 -0.398127
0.759791 -1.97784 0.398127 
-1.19922 -1.41527 -1.09842
1.19922 -1.41527 1.09842
-1.79033 0.192894 -1.18539 
1.79033 0.192894 1.18539
-1.30644 -0.567715 -1.6182
1.30644 -0.567715 1.6182
-0.853311 0.728335 1.84093
0.853311 0.728335 -1.84093
-1.37941 1.10316 -1.23608
1.37941 1.10316 1.23608
-0.105036 0.567715 -2.07709
0.105036 0.567715 2.07709
-0.468228 2.09705 -0.175393
0.468228 2.09705 0.175393
-0.300897 1.97784 0.803274
0.300897 1.97784 -0.803274
-0.161563 1.41527 1.6182
0.161563 1.41527  -1.6182
-0.544174 -0.192894 2.07709
0.544174 -0.192894 -2.07709
-0.232068 -2.09705 0.442882
0.232068 -2.09705 -0.442882 
-0.204101 -1.10316 1.84093
0.204101 -1.10316 -1.84093