1003
    1               1               0               0
    2     0.999817371    0.0191555023               0
    3     0.980521715               0               0
    4     0.979446406    0.0210186938               0
    5     0.999266982    0.0383034348               0
    6     0.960133325               0               0
    7     0.978944795    0.0416594289               0
    8     0.959124745    0.0230069679               0
    9     0.998349965    0.0574372411               0
   10      0.95946163    0.0457324065               0
   11     0.938722436               0               0
   12      0.97969078    0.0613774025               0
   13     0.937457619    0.0252767714               0
   14     0.962075142     0.066198503               0
   15     0.997066617    0.0765499175               0
   16     0.939578969    0.0508535942               0
   17     0.979717157    0.0794868751               0
   18     0.916255787               0               0
   19     0.915590432    0.0277281252               0
   20     0.964669514    0.0837465853               0
   21     0.944478646    0.0739376177               0
   22     0.995417356    0.0956345797               0
   23     0.979114419    0.0954056596               0
   24     0.918766341    0.0559078157               0
   25     0.968151891    0.0953214104               0
   26     0.952788055    0.0920704247               0
   27     0.892701143               0               0
   28     0.926236675    0.0835198261               0
   29     0.892305066    0.0292367539               0
   30     0.962579092     0.105159196               0
   31     0.976333667     0.111394886               0
   32     0.993402839     0.114684135               0
   33     0.895563067    0.0609461376               0
   34     0.939424969       0.1054383               0
   35     0.954607337     0.120348823               0
   36     0.972145669     0.128677765               0
   37     0.868027584               0               0
   38     0.991023779      0.13369149               0
   39     0.867316669    0.0293029708               0
   40     0.902276742    0.0987955707               0
   41     0.926508129     0.123433565               0
   42     0.868904117    0.0598444101               0
   43     0.947658784     0.137225654               0
   44     0.967912979      0.14648857               0
   45     0.988281131     0.152649939               0
   46      0.84220582               0               0
   47     0.871349473    0.0924478344               0
   48     0.841230187    0.0286776125               0
   49     0.842378081    0.0581517908               0
   50      0.91818377     0.147115977               0
   51     0.941491488     0.157888386               0
   52     0.894250852     0.132827725               0
   53     0.963872383     0.166244098               0
   54     0.985175848      0.17155236               0
   55     0.845754245    0.0882717343               0
   56     0.867805624     0.119787343               0
   57     0.815208529               0               0
   58     0.849302849     0.108487359               0
   59     0.815422559    0.0292031792               0
   60     0.960040944     0.186369738               0
   61     0.981709003     0.190391719               0
   62     0.936251014     0.180967813               0
   63     0.817035847    0.0599794078               0
   64     0.911027336     0.172176426               0
   65     0.823266132    0.0900726185               0
   66     0.882158383     0.159656072               0
   67     0.854128276      0.13870194               0
   68     0.834348678     0.117402998               0
   69     0.977881908     0.209161341               0
   70     0.957061468     0.206193273               0
   71     0.787010703               0               0
   72     0.932773228     0.202383149               0
   73     0.787605798    0.0311409979               0
   74     0.904458703     0.198153603               0
   75     0.788324223    0.0628519464               0
   76     0.795925756    0.0946363338               0
   77     0.809754016     0.126027465               0
   78     0.973696053     0.227854162               0
   79     0.953743936     0.224803845               0
   80     0.832200419     0.157961348               0
   81     0.933233322     0.223104743               0
   82     0.865004077      0.19252292               0
   83     0.757590023               0               0
   84     0.909030172     0.225531917               0
   85     0.757241421     0.033556652               0
   86     0.950866934     0.242159695               0
   87     0.934736027     0.238581677               0
   88     0.969152927     0.246463269               0
   89     0.758681417    0.0665971015               0
   90     0.764980048     0.100217971               0
   91     0.878232432     0.229275561               0
   92     0.776998422     0.135397001               0
   93     0.920107824     0.250480594               0
   94     0.943902402     0.258882034               0
   95     0.795692314      0.17219779               0
   96     0.964254081     0.264982104               0
   97     0.726927236               0               0
   98     0.823420075     0.209764688               0
   99     0.725107514    0.0345050668               0
  100     0.891326156     0.255360555               0
  101     0.725553764    0.0700245984               0
  102     0.939467024     0.277815747               0
  103      0.91940755     0.273864159               0
  104     0.959001422     0.283403695               0
  105     0.847092689     0.242361482               0
  106     0.730108497     0.105148616               0
  107     0.900024215      0.27578825               0
  108     0.739642506     0.144029091               0
  109      0.86750289     0.268001631               0
  110     0.918031135     0.291372047               0
  111     0.934960529     0.295967679               0
  112     0.904992665     0.288228701               0
  113     0.695006551               0               0
  114     0.953397036     0.301721126               0
  115     0.757074714     0.186880044               0
  116     0.883775241     0.285927923               0
  117     0.692260853      0.03531528               0
  118     0.785614112     0.228954702               0
  119     0.897181297     0.298481188               0
  120     0.691686424    0.0720166281               0
  121     0.819215356     0.262404049               0
  122     0.912349283     0.306754571               0
  123     0.929133499     0.313346141               0
  124     0.847325626     0.285883541               0
  125     0.947442651      0.31992799               0
  126     0.694099317     0.108764694               0
  127     0.870188412      0.30246881               0
  128     0.888013992     0.314455481               0
  129     0.699288054     0.150423127               0
  130     0.905425788     0.323122089               0
  131     0.661816029               0               0
  132     0.922552519     0.330476455               0
  133     0.941140532     0.338017464               0
  134     0.658149386     0.036269794               0
  135     0.657925076    0.0723829978               0
  136     0.833874149     0.308691988               0
  137     0.860133405     0.322141695               0
  138     0.880534931     0.331921982               0
  139     0.796551888     0.289394613               0
  140     0.898787357      0.34080185               0
  141     0.707349923     0.202338594               0
  142     0.916499599     0.348340998               0
  143     0.657887989     0.108728327               0
  144     0.934493184       0.3559829               0
  145     0.745072271     0.257244529               0
  146     0.873503382     0.350097961               0
  147     0.658294147     0.148185614               0
  148     0.852293135     0.341944792               0
  149     0.627347986               0               0
  150     0.892710351     0.358243942               0
  151      0.82635588     0.333676844               0
  152     0.910001048      0.36587548               0
  153     0.624043552    0.0354041938               0
  154      0.92750299     0.373817623               0
  155     0.623336487    0.0716153809               0
  156     0.788378039      0.32757288               0
  157     0.683667038      0.22968649               0
  158     0.867716968     0.368112713               0
  159     0.657106556     0.188604615               0
  160     0.848266036     0.361046013               0
  161       0.8855329     0.375352453               0
  162     0.621592015     0.108036511               0
  163     0.903291253     0.383099358               0
  164     0.828012874     0.356179016               0
  165     0.746206305     0.305530555               0
  166     0.920172334     0.391515255               0
  167     0.697444714     0.265039629               0
  168     0.831043074     0.370989903               0
  169     0.618893991     0.144986386               0
  170     0.806386506     0.359003303               0
  171     0.591599376               0               0
  172     0.844080031     0.377494567               0
  173     0.860811792     0.384396216               0
  174     0.878413028       0.3919538               0
  175     0.588895816    0.0350699143               0
  176     0.895382008      0.40024102               0
  177     0.652818135     0.226614822               0
  178     0.912504077      0.40906921               0
  179     0.587517563    0.0701740293               0
  180     0.819628213     0.378458725               0
  181     0.744208836     0.332795692               0
  182     0.766389613     0.350259083               0
  183     0.617489943     0.182870012               0
  184     0.835379109     0.390821474               0
  185      0.70579333     0.306389374               0
  186     0.852396507      0.39986903               0
  187     0.586249592     0.106815951               0
  188     0.869966315     0.408473988               0
  189     0.786972754     0.373267866               0
  190     0.887934954     0.417195084               0
  191     0.655246217     0.266838122               0
  192     0.904500961     0.426472962               0
  193      0.80505421      0.39208491               0
  194     0.582868221     0.143101462               0
  195      0.72003059     0.342597438               0
  196     0.823706728     0.405963123               0
  197      0.61525273      0.22133006               0
  198     0.842213836     0.415974576               0
  199     0.554572185               0               0
  200      0.86112077     0.424878038               0
  201     0.552422772    0.0347014342               0
  202     0.744626079     0.369280147               0
  203     0.879316598     0.433797262               0
  204     0.552253163    0.0703783638               0
  205     0.767952354     0.392035338               0
  206     0.896165967     0.443720341               0
  207     0.580555835     0.179844076               0
  208     0.789909146     0.410649926               0
  209     0.550088026     0.106566791               0
  210     0.662201603     0.318234699               0
  211     0.810900972     0.424075625               0
  212     0.831631341     0.433188112               0
  213     0.615132074     0.262396915               0
  214     0.850977136      0.44207279               0
  215     0.869743142     0.451027358               0
  216     0.887502074      0.46080488               0
  217     0.546699982     0.141858155               0
  218     0.577880092     0.218764742               0
  219     0.689103798     0.367239289               0
  220     0.723406668     0.394313325               0
  221     0.517119881               0               0
  222     0.517548941    0.0352739028               0
  223     0.750301436     0.414943413               0
  224     0.841413291     0.459197651               0
  225     0.820832552     0.452024434               0
  226     0.774449601     0.431581747               0
  227     0.517085728    0.0709488948               0
  228     0.860382539      0.46805083               0
  229     0.797525409     0.445059755               0
  230     0.542881616     0.177506396               0
  231     0.878512621     0.477720231               0
  232     0.616525509     0.310242513               0
  233     0.646618118     0.347461953               0
  234     0.513697193     0.106789131               0
  235     0.574375817     0.261611569               0
  236     0.832517873     0.476702513               0
  237     0.812760169     0.470652216               0
  238     0.850992412     0.485008685               0
  239     0.657675583      0.37512133               0
  240     0.539537442     0.214849492               0
  241     0.509823219     0.142436926               0
  242     0.869200766     0.494460404               0
  243     0.709142455     0.421915934               0
  244     0.735062807     0.438909252               0
  245     0.683425415     0.404513584               0
  246     0.760062413     0.455673892               0
  247     0.620166104     0.350606407               0
  248     0.787221219     0.471732984               0
  249     0.480912892               0               0
  250     0.481777124    0.0357103841               0
  251     0.812208815     0.485212373               0
  252     0.663546255     0.398481791               0
  253     0.824905621     0.491951499               0
  254     0.481385752     0.071466811               0
  255     0.505015771     0.176648685               0
  256     0.841897445     0.501525376               0
  257      0.53569991     0.253976012               0
  258     0.859569907     0.511019111               0
  259     0.568791192     0.311308609               0
  260     0.798960655     0.493033404               0
  261     0.632266895     0.385353536               0
  262       0.4777918     0.107203915               0
  263     0.814095307     0.506169431               0
  264     0.649855112      0.41168042               0
  265     0.696575484      0.44728892               0
  266     0.720744924     0.463103768               0
  267      0.67190915     0.430417322               0
  268     0.500584683     0.212017125               0
  269     0.744729361     0.478892241               0
  270     0.831683113     0.517225588               0
  271     0.472181699      0.14156657               0
  272      0.76679745     0.494245655               0
  273     0.849623799     0.527390242               0
  274     0.585253894     0.359367627               0
  275     0.785067791     0.510112001               0
  276     0.529979306     0.293028009               0
  277     0.447188763    0.0363305478               0
  278     0.445955976               0               0
  279     0.802708375     0.522886878               0
  280     0.445370074    0.0713538752               0
  281     0.466299518     0.175734465               0
  282      0.49646458     0.251067309               0
  283     0.821115901     0.533817303               0
  284     0.839365721     0.543567955               0
  285     0.600921972     0.402602575               0
  286     0.683062315     0.470104576               0
  287     0.707564448     0.485838112               0
  288     0.631698148     0.432469029               0
  289     0.658097936     0.454056326               0
  290     0.730522279      0.50100195               0
  291     0.441083329     0.106209431               0
  292     0.751853961     0.516239257               0
  293     0.772059131     0.529310498               0
  294     0.534936057     0.340941456               0
  295      0.51925191     0.319094768               0
  296     0.791416386     0.540922145               0
  297     0.458451002     0.212294722               0
  298     0.810384007     0.550351534               0
  299     0.434003114     0.139462394               0
  300     0.493634387     0.289754049               0
  301     0.551325246     0.374529495               0
  302     0.828799844     0.559546173               0
  303     0.569523756     0.399745914               0
  304     0.412248957               0               0
  305     0.412534484     0.035473765               0
  306     0.694428112     0.507988249               0
  307     0.670011392     0.493234944               0
  308      0.41064185    0.0703916066               0
  309     0.717204908     0.521943136               0
  310      0.64430707     0.476412166               0
  311     0.617678479      0.45779147               0
  312     0.738120588     0.536485761               0
  313     0.780886999     0.558639371               0
  314     0.759898386      0.54996859               0
  315     0.425572013     0.173690122               0
  316      0.58841286     0.437438818               0
  317     0.799921218     0.567318123               0
  318     0.491529039     0.324406177               0
  319     0.817929685     0.575319052               0
  320     0.405093124     0.103488622               0
  321     0.451007228     0.252929132               0
  322      0.55632405     0.422105672               0
  323      0.50037588     0.358832952               0
  324     0.680532437     0.529303733               0
  325      0.70363747     0.542666364               0
  326     0.396354094      0.13509988               0
  327     0.656125343      0.51516004               0
  328     0.772312008     0.576348625               0
  329     0.789584879     0.582903179               0
  330     0.379787058               0               0
  331     0.630581636     0.499202361               0
  332     0.452024586     0.292496265               0
  333     0.725674596     0.557533808               0
  334     0.379311683    0.0341161227               0
  335     0.806759417     0.590880811               0
  336     0.604666921      0.48140196               0
  337     0.413520291      0.21088385               0
  338     0.749649292     0.574099255               0
  339     0.377069941    0.0685424492               0
  340     0.578588954     0.464241761               0
  341     0.520466056      0.40530391               0
  342     0.770807939     0.589422423               0
  343      0.78127589     0.597060457               0
  344     0.552478873     0.452246358               0
  345     0.385728889     0.167995032               0
  346      0.37080191    0.0995027666               0
  347     0.795293093     0.606225789               0
  348     0.452707981     0.332791376               0
  349     0.758835919     0.594858188               0
  350     0.689644499     0.564219715               0
  351     0.666369311     0.551036537               0
  352     0.642517067     0.537535559               0
  353     0.711663133      0.57829234               0
  354     0.616572813     0.522134578               0
  355     0.590908424     0.504051758               0
  356      0.73152555     0.591787066               0
  357      0.56825741     0.486281794               0
  358     0.770487253     0.608906933               0
  359       0.5519142     0.472656463               0
  360     0.348561266               0               0
  361     0.360591251     0.129453471               0
  362     0.347819164    0.0333603906               0
  363     0.523885655     0.449227942               0
  364     0.395902972     0.257771642               0
  365     0.783535004     0.621348202               0
  366     0.459043526     0.374830172               0
  367     0.344840207    0.0654639997               0
  368     0.745869011     0.607529542               0
  369     0.371530657     0.203056816               0
  370     0.339243251    0.0947211585               0
  371     0.758812342     0.622478482               0
  372     0.404124602     0.301541297               0
  373     0.532644886     0.478779333               0
  374      0.67677429     0.586996209               0
  375     0.719292861     0.608635614               0
  376     0.699807886     0.599628771               0
  377     0.652372953     0.573561327               0
  378     0.627273595     0.560813735               0
  379     0.345484868     0.160785771               0
  380     0.474026856     0.422342529               0
  381     0.549629939     0.502397666               0
  382     0.600069624     0.543649604               0
  383     0.771489441     0.636242747               0
  384     0.573482155     0.524688001               0
  385      0.73309396     0.621888749               0
  386     0.318558688               0               0
  387     0.328902812     0.121141895               0
  388     0.318509426    0.0313319273               0
  389     0.408139929     0.342656045               0
  390     0.746219151     0.636255938               0
  391     0.358225142     0.240034147               0
  392     0.492161642     0.460857802               0
  393     0.710964018     0.622982057               0
  394      0.31559971    0.0615460118               0
  395     0.720994818     0.635133902               0
  396     0.759160757     0.650903821               0
  397     0.508346502     0.489965995               0
  398     0.311352327    0.0882831535               0
  399     0.665210208     0.611542488               0
  400     0.691216595     0.625511639               0
  401     0.638958331     0.597678601               0
  402     0.611907152     0.584361857               0
  403     0.733172969     0.649958753               0
  404     0.524776335     0.518461986               0
  405     0.311660895     0.146587624               0
  406     0.582949935     0.566962101               0
  407      0.41318248     0.390234247               0
  408     0.302881964     0.110265589               0
  409     0.551964973     0.545917508               0
  410     0.352637598     0.283469785               0
  411      0.32048771     0.198969736               0
  412      0.34241428     0.263382867               0
  413     0.289762928               0               0
  414      0.29036049    0.0300382435               0
  415     0.705943635     0.647120174               0
  416     0.746553421     0.665325999               0
  417     0.289181483    0.0582611185               0
  418     0.359245146     0.315154648               0
  419     0.287660569    0.0848654819               0
  420     0.486011983     0.502040494               0
  421      0.71987292     0.663648768               0
  422     0.319806289      0.23860906               0
  423     0.286446791     0.102303306               0
  424     0.462387556     0.481894743               0
  425     0.651744679     0.633441297               0
  426     0.673653734     0.646602421               0
  427     0.626343012     0.621248733               0
  428     0.284825924     0.129333999               0
  429     0.426645035      0.44865387               0
  430     0.362517345     0.353136854               0
  431      0.59841134      0.60926464               0
  432     0.733672261     0.679504037               0
  433     0.691666724     0.662882073               0
  434     0.567580261     0.592643006               0
  435     0.533322939     0.567557013               0
  436     0.284960988     0.172702089               0
  437     0.495689833     0.536063797               0
  438     0.314060795      0.26948428               0
  439     0.263312128    0.0286922586               0
  440      0.26215445               0               0
  441     0.706702815     0.678012107               0
  442     0.262994464    0.0576211961               0
  443     0.268774026     0.110044475               0
  444     0.263622788    0.0858394493               0
  445     0.316356645     0.295076771               0
  446     0.639158792     0.653086123               0
  447     0.659986936     0.664574676               0
  448     0.720521808     0.693432689               0
  449     0.614574104     0.643605611               0
  450     0.677723302     0.677888781               0
  451      0.31996928     0.324771073               0
  452     0.276760749     0.218907104               0
  453     0.450642364     0.519079444               0
  454     0.586544158     0.633105354               0
  455     0.361190419     0.405433083               0
  456     0.693118554     0.692015799               0
  457     0.282794203     0.246728245               0
  458     0.255962994     0.148703937               0
  459     0.554273982     0.616957678               0
  460     0.236875932    0.0277117274               0
  461     0.235710938               0               0
  462     0.519698541     0.594792409               0
  463     0.707106948     0.707106948               0
  464      0.62913512     0.670399038               0
  465     0.235829111    0.0569068648               0
  466     0.646938225     0.680367912               0
  467     0.321533431     0.358523383               0
  468     0.240511091      0.11878924               0
  469     0.235707579    0.0881870799               0
  470     0.378544814     0.453728218               0
  471     0.663882459     0.692374433               0
  472     0.279887651     0.275496981               0
  473     0.483695545     0.573180047               0
  474     0.251732352     0.196547061               0
  475     0.409674801     0.500464157               0
  476     0.605369234     0.666062565               0
  477     0.679224367      0.70585436               0
  478     0.280060441     0.302576314               0
  479      0.25243031     0.230865781               0
  480     0.693432689     0.720521688               0
  481     0.621139972     0.685353774               0
  482     0.575080468     0.658110014               0
  483     0.634748384     0.694123503               0
  484     0.320810179     0.393851971               0
  485     0.649827554     0.706270717               0
  486     0.381003494      0.48860734               0
  487     0.210407651               0               0
  488     0.282741897     0.330329489               0
  489     0.250818202     0.250428869               0
  490     0.210366242    0.0276234233               0
  491     0.541754818     0.645259062               0
  492     0.441358069     0.561646051               0
  493     0.507501699       0.6214749               0
  494     0.665290991     0.719202255               0
  495      0.48119635     0.600631989               0
  496     0.207729459    0.0571469277               0
  497      0.59953641     0.691538782               0
  498     0.328590713     0.436005365               0
  499     0.679503918     0.733672202               0
  500     0.204202465    0.0887833973               0
  501     0.284815875     0.361534174               0
  502     0.229655531     0.222104003               0
  503      0.24748297     0.276918456               0
  504     0.618763646      0.70663616               0
  505     0.312560204     0.416860125               0
  506     0.212478655     0.169847163               0
  507      0.63538838     0.719382675               0
  508     0.202245251     0.125581902               0
  509     0.341911791     0.469909406               0
  510     0.650859549     0.732138621               0
  511     0.565097615     0.685900179               0
  512     0.246637051      0.30472808               0
  513     0.186217756               0               0
  514     0.286805297     0.392520186               0
  515     0.185517219    0.0266973884               0
  516     0.220565325     0.247202994               0
  517      0.66532588     0.746553361               0
  518     0.355289603     0.507397691               0
  519     0.180520019    0.0552740253               0
  520     0.448131985     0.609596836               0
  521     0.385610401      0.54714252               0
  522     0.247423527     0.332430764               0
  523     0.485838935     0.643185257               0
  524     0.604670674     0.723940416               0
  525     0.621108541     0.733984264               0
  526      0.28827972      0.42072304               0
  527     0.585409139     0.716719167               0
  528     0.636252884     0.745563588               0
  529     0.522081342     0.678520511               0
  530     0.195974695     0.209941453               0
  531       0.2153156     0.274223024               0
  532     0.250836624     0.361228159               0
  533     0.171981737    0.0866550191               0
  534     0.296033702     0.447859538               0
  535     0.650903583     0.759160638               0
  536      0.16311266               0               0
  537     0.160722084    0.0255113946               0
  538     0.560604128     0.715957536               0
  539     0.214617584     0.302103608               0
  540     0.594891045     0.739635277               0
  541     0.252824865     0.391470824               0
  542     0.608122227     0.747050377               0
  543     0.305884122     0.480178732               0
  544     0.621990573     0.757815388               0
  545     0.154503335    0.0517460969               0
  546     0.580025137     0.737253994               0
  547     0.186415519     0.240898713               0
  548     0.438399506     0.638127217               0
  549     0.215348613     0.330049277               0
  550     0.636242568     0.771489322               0
  551     0.156194822      0.12631347               0
  552      0.25660799     0.420985256               0
  553     0.590749626     0.750511788               0
  554     0.393867062     0.604393668               0
  555     0.160631385     0.168831191               0
  556     0.459487248     0.664562474               0
  557      0.31653438     0.518292249               0
  558     0.145026871    0.0788907435               0
  559     0.597730168      0.75861178               0
  560     0.141062305               0               0
  561     0.529441886     0.719469074               0
  562      0.18380867     0.270023058               0
  563     0.560172701     0.739373225               0
  564     0.218282231     0.359476876               0
  565     0.138341508    0.0236890737               0
  566     0.580126163     0.753255923               0
  567      0.60895841     0.769920814               0
  568      0.26278612     0.451087222               0
  569     0.156170588     0.205075889               0
  570     0.482026842     0.698114362               0
  571     0.131744364    0.0473082241               0
  572     0.621348083     0.783534765               0
  573      0.18246343     0.298309018               0
  574     0.220883955     0.389254014               0
  575     0.585595712     0.766957789               0
  576     0.329865642     0.561563624               0
  577     0.564134176      0.75830012               0
  578     0.130446844     0.106058468               0
  579     0.269056615     0.484653736               0
  580     0.538128787     0.745933004               0
  581     0.406089571     0.645864006               0
  582      0.18411384      0.32676667               0
  583     0.595286302     0.780675636               0
  584     0.120035463               0               0
  585     0.152384521     0.237068693               0
  586     0.121761951    0.0711903708               0
  587      0.22463891     0.419456013               0
  588     0.117313729    0.0217273361               0
  589       0.5707418     0.775923316               0
  590     0.606225431     0.795292914               0
  591     0.187074775     0.357148244               0
  592     0.427187384     0.679816288               0
  593     0.151040131     0.266661477               0
  594     0.110957046    0.0426943354               0
  595     0.276965895     0.520059042               0
  596     0.544821714     0.766272951               0
  597     0.496953287     0.737465244               0
  598     0.229446172     0.450850357               0
  599     0.118703768     0.144497238               0
  600     0.581056964     0.790858238               0
  601     0.121481245     0.174954142               0
  602     0.111840684     0.123984884               0
  603     0.190296993     0.386788125               0
  604     0.516179762     0.756800423               0
  605     0.106601306    0.0950830721               0
  606     0.150846796     0.295039886               0
  607             0.1               0               0
  608     0.447817384     0.711721674               0
  609     0.101085854    0.0631738037               0
  610    0.0980786085    0.0195091069               0
  611     0.119440163      0.20606482               0
  612     0.590880573     0.806759179               0
  613     0.234299048     0.483293568               0
  614     0.552180347     0.787577118               0
  615     0.153942399     0.324941683               0
  616     0.334485893      0.61534602               0
  617     0.283898491      0.55837861               0
  618     0.193762226     0.417880971               0
  619    0.0923880041    0.0382684059               0
  620     0.524109445     0.774276961               0
  621     0.565353486     0.802625695               0
  622     0.117475298     0.236172445               0
  623      0.50417345     0.768198893               0
  624     0.156759335      0.35582484               0
  625     0.463212158     0.743212085               0
  626    0.0865323451    0.0823774855               0
  627    0.0831469968    0.0555570684               0
  628     0.363895493     0.663424792               0
  629     0.240308013     0.518167213               0
  630     0.197291739       0.4495046               0
  631     0.118764277     0.264894146               0
  632     0.530382692     0.791568042               0
  633     0.489433084     0.765892509               0
  634     0.575318813     0.817929327               0
  635     0.086150129     0.120551606               0
  636     0.546072744     0.803170544               0
  637     0.393587227     0.696929454               0
  638     0.160286571     0.385316439               0
  639     0.506907505     0.781903747               0
  640    0.0868620466     0.151151651               0
  641     0.120701005     0.292930063               0
  642     0.552857818     0.814138098               0
  643     0.418843152     0.725743959               0
  644    0.0871496653     0.180423316               0
  645    0.0707106963    0.0707106963               0
  646     0.285307343     0.598596122               0
  647     0.533180068     0.807796417               0
  648     0.201320469     0.482330561               0
  649     0.123895275      0.32322792               0
  650     0.163308615     0.416831297               0
  651     0.511326807     0.797617069               0
  652     0.468002466     0.769641912               0
  653     0.490645081     0.785910372               0
  654     0.244685787     0.553953188               0
  655    0.0682405165    0.0991073649               0
  656    0.0864332921     0.208922705               0
  657     0.559545815     0.828799367               0
  658     0.435798812     0.752879337               0
  659     0.127234653     0.353632107               0
  660    0.0868967178     0.236667993               0
  661     0.538132552     0.823405671               0
  662      0.20528132     0.515363054               0
  663     0.516394838     0.814682592               0
  664     0.165227013     0.448572562               0
  665    0.0555570312    0.0831469521               0
  666     0.494125178     0.804115881               0
  667    0.0874041234     0.264346352               0
  668     0.130080373       0.3850999               0
  669     0.472114558     0.791729351               0
  670     0.447250066     0.777733704               0
  671     0.277638449     0.623941537               0
  672    0.0903109256     0.292088216               0
  673     0.543567598     0.839365363               0
  674    0.0535879436     0.131909069               0
  675     0.296740314     0.648078979               0
  676     0.247495758      0.59075787               0
  677    0.0563140964     0.157939657               0
  678     0.394693093     0.742845719               0
  679     0.521929489     0.831648376               0
  680     0.168409768     0.481161022               0
  681    0.0455230211     0.110172023               0
  682    0.0567814595     0.184443026               0
  683    0.0937030423     0.321407825               0
  684     0.365166807     0.722910053               0
  685      0.49914299     0.821668506               0
  686     0.132069351     0.416994845               0
  687     0.413889872     0.764827598               0
  688     0.209165983     0.550908953               0
  689     0.476699542     0.810866942               0
  690    0.0382683426    0.0923879221               0
  691     0.056838528     0.210586117               0
  692     0.453842041     0.799355622               0
  693    0.0971330789     0.351749518               0
  694     0.527389944     0.849623322               0
  695    0.0562741575     0.237230471               0
  696     0.426587343     0.787223963               0
  697     0.318787027     0.696183687               0
  698     0.504901102     0.840034386               0
  699     0.171813229     0.515285973               0
  700     0.134015736     0.449634558               0
  701     0.248114079     0.624476597               0
  702     0.482389937     0.829486356               0
  703      0.05774248     0.263897167               0
  704    0.0996956901     0.383397529               0
  705      0.38087254     0.757901268               0
  706     0.460320418     0.819097546               0
  707     0.211875823     0.586005575               0
  708    0.0260357767     0.137703247               0
  709     0.394324647     0.775176734               0
  710    0.0226034035     0.116594804               0
  711    0.0597951668     0.291399868               0
  712    0.0279517596     0.161493978               0
  713    0.0195090249    0.0980784744               0
  714     0.436475198     0.808718124               0
  715     0.511018693      0.85956955               0
  716     0.136056446     0.481512651               0
  717    0.0283279571     0.186549473               0
  718    0.0627087476     0.320498651               0
  719     0.100872681     0.416413624               0
  720     0.488515585     0.849272342               0
  721     0.174806511     0.549762074               0
  722     0.256049889     0.656844673               0
  723     0.408734235     0.797616428               0
  724     0.465734992     0.838725654               0
  725    0.0278652029     0.211748265               0
  726    0.0659345916     0.350432073               0
  727     0.443268263     0.828669695               0
  728     0.354115169     0.761277223               0
  729    0.0269860131     0.236813593               0
  730     0.376108799     0.784162647               0
  731     0.213124742     0.621573565               0
  732      0.41994212     0.818741861               0
  733     0.138755319      0.51485774               0
  734     0.102043832     0.449277168               0
  735               0             0.1               0
  736     0.494459987      0.86920023               0
  737               0     0.119953427               0
  738    0.0274964724     0.262611976               0
  739    0.0675620985     0.382144146               0
  740     0.471701414     0.858556054               0
  741     0.177405317     0.584781262               0
  742               0     0.140815136               0
  743     0.391635222      0.80655062               0
  744     0.448562889     0.848056652               0
  745               0     0.162695182               0
  746    0.0289070332     0.290459116               0
  747     0.261051294      0.69662565               0
  748     0.426427921     0.838077289               0
  749               0     0.185624955               0
  750     0.101845464      0.48139357               0
  751    0.0686466221     0.414926275               0
  752    0.0314021898     0.318754835               0
  753     0.141030676     0.549513717               0
  754     0.402721642     0.827303685               0
  755               0      0.20963472               0
  756     0.477719843     0.878512025               0
  757     0.363380983      0.79997814               0
  758     0.215540257     0.657524554               0
  759     0.304466581     0.752783824               0
  760     0.454066328     0.868084331               0
  761      0.37667685     0.816071484               0
  762               0     0.234753328               0
  763     0.344377459      0.79138374               0
  764    0.0329189876     0.348987527               0
  765     0.431868308     0.857627796               0
  766     0.178508291     0.620930721               0
  767     0.410632992     0.847269805               0
  768               0     0.261007915               0
  769     0.103887312     0.515003186               0
  770    0.0682861163     0.447805682               0
  771     0.356777162     0.811050106               0
  772     0.387058675     0.836652848               0
  773    0.0343391719     0.379936848               0
  774     0.143268458     0.585595228               0
  775     0.460804403     0.887501538               0
  776               0     0.288423582               0
  777     0.437096262     0.877080247               0
  778     0.364015061     0.825890172               0
  779     0.343935542     0.812067456               0
  780     0.415365989     0.866450538               0
  781     0.216685742     0.693922304               0
  782      0.31607814     0.792212141               0
  783      0.25571319      0.73709136               0
  784    0.0675699048      0.48026742               0
  785               0     0.317023059               0
  786     0.393628152     0.856085257               0
  787    0.0354454825     0.412900036               0
  788     0.106231819     0.550184554               0
  789     0.178499104     0.656739944               0
  790     0.370880179     0.844827967               0
  791     0.443719834     0.896165371               0
  792     0.349080365     0.832240274               0
  793     0.144171782      0.62207096               0
  794               0     0.346826353               0
  795     0.420479257     0.885740151               0
  796     0.325782212     0.817828749               0
  797     0.398483397       0.8751644               0
  798    0.0348841061     0.446751866               0
  799    0.0692313323     0.514786761               0
  800     0.377048522     0.864645184               0
  801      0.27452025     0.781246129               0
  802     0.108391809     0.586423143               0
  803      0.35539846     0.852123663               0
  804               0     0.377850394               0
  805     0.426472485     0.904500306               0
  806     0.332972397     0.838879806               0
  807     0.214256167     0.729945908               0
  808     0.403533979     0.894244214               0
  809     0.177060268     0.692392929               0
  810     0.290102648     0.809607666               0
  811     0.244519792     0.767410117               0
  812     0.381618204     0.882999878               0
  813    0.0339075936      0.47966342               0
  814      0.30781945     0.827878366               0
  815     0.071025169     0.549440447               0
  816      0.14326151     0.657562499               0
  817     0.360809264     0.871403667               0
  818               0      0.41010866               0
  819     0.339459979     0.858782718               0
  820     0.409068644     0.912503362               0
  821      0.31703482     0.846118247               0
  822     0.108481074     0.622795922               0
  823     0.257981673     0.795743152               0
  824     0.386546073     0.901741671               0
  825      0.29835812     0.837958803               0
  826               0     0.443610819               0
  827     0.364394823     0.890448257               0
  828    0.0344429429     0.514435989               0
  829     0.343731552     0.877855891               0
  830    0.0732113027     0.585871553               0
  831     0.322748027     0.863869189               0
  832     0.209256534      0.76156975               0
  833     0.262416001     0.813789741               0
  834     0.284278552      0.83377613               0
  835     0.175369203      0.72720022               0
  836     0.237008766     0.792193585               0
  837     0.301908347     0.851129465               0
  838     0.391514659     0.920171618               0
  839     0.141365744     0.693233103               0
  840     0.369158942     0.908573145               0
  841               0     0.478362353               0
  842     0.347471814     0.896731598               0
  843     0.107548875     0.658382173               0
  844     0.326929543     0.883397105               0
  845    0.0351475329     0.550139456               0
  846     0.306273725     0.868838693               0
  847     0.285052951     0.853127637               0
  848     0.263148701     0.835319205               0
  849     0.237420675     0.815049185               0
  850    0.0731835147     0.623040748               0
  851     0.373817086     0.927502155               0
  852     0.207102618     0.791132127               0
  853     0.351826183     0.915484588               0
  854     0.172784802     0.759710025               0
  855     0.330837297     0.902453851               0
  856               0     0.514364203               0
  857     0.310101873     0.888227521               0
  858     0.288107108     0.872971109               0
  859     0.138540591     0.727551846               0
  860    0.0363885988      0.58623292               0
  861     0.265109832     0.856325328               0
  862     0.105536961     0.693498995               0
  863     0.239874226     0.839048098               0
  864     0.355982274     0.934492409               0
  865     0.334588806     0.922203594               0
  866     0.072779806     0.658573209               0
  867     0.313300951     0.907669343               0
  868     0.209122662     0.818853732               0
  869     0.292100603     0.893285748               0
  870     0.269119542     0.877419694               0
  871               0      0.55161242               0
  872      0.17271255         0.79326               0
  873     0.243963766     0.861444723               0
  874    0.0372530551     0.623240228               0
  875     0.338016868     0.941139698               0
  876     0.135959468     0.762095389               0
  877     0.316936654     0.928001804               0
  878     0.295620671     0.913119355               0
  879     0.214888741     0.845762469               0
  880      0.10291389      0.72725744               0
  881     0.273251205     0.898289637               0
  882     0.249569654     0.883067612               0
  883    0.0708240476     0.693959467               0
  884               0     0.588845171               0
  885     0.222182536     0.868848133               0
  886     0.319927394     0.947441697               0
  887     0.176323676     0.826532509               0
  888    0.0367989797     0.659314901               0
  889     0.298789904     0.933192229               0
  890      0.27724421     0.918653244               0
  891     0.254540463     0.903799862               0
  892     0.135111331     0.796784688               0
  893      0.22934206     0.889124854               0
  894    0.0999457351     0.760949748               0
  895               0     0.624800268               0
  896     0.188030586     0.855463693               0
  897      0.30172056     0.953396082               0
  898    0.0676322722     0.727029171               0
  899     0.280537455     0.938866252               0
  900     0.258886325     0.924221799               0
  901     0.199886487     0.877734711               0
  902     0.235050393     0.909198264               0
  903    0.0351351919     0.694026495               0
  904     0.209006428     0.895887263               0
  905     0.283403009     0.959000468               0
  906               0     0.659474888               0
  907     0.262144495     0.944100951               0
  908      0.23990412     0.929274638               0
  909    0.0980219669     0.793700747               0
  910     0.136473444     0.839074312               0
  911     0.064724937     0.759215395               0
  912     0.215808072     0.914799357               0
  913     0.161083147     0.870624065               0
  914    0.0325709259     0.726520587               0
  915     0.178933969     0.889157595               0
  916     0.264981449     0.964253008               0
  917     0.191003901     0.903753056               0
  918     0.243438796     0.949089318               0
  919     0.221517874      0.93428297               0
  920               0     0.692871287               0
  921     0.197657593     0.919828931               0
  922    0.0622922854     0.789718193               0
  923     0.179444061     0.911254016               0
  924    0.0947385158     0.827350361               0
  925     0.246462673     0.969151735               0
  926     0.224779841     0.953922782               0
  927    0.0308599748     0.756923094               0
  928     0.165927617     0.905418028               0
  929     0.202623307     0.938957846               0
  930     0.181400665     0.924590963               0
  931               0     0.724996425               0
  932     0.141839973     0.897075158               0
  933     0.116955988      0.87316736               0
  934     0.227853477     0.973694921               0
  935     0.206309217      0.95862392               0
  936     0.185008542     0.943095565               0
  937     0.164518913      0.92530092               0
  938    0.0608215569     0.820245789               0
  939    0.0299421074     0.786161143               0
  940    0.0873363303     0.857951706               0
  941               0     0.755861574               0
  942     0.209160626     0.977880716               0
  943       0.1879157     0.962339413               0
  944     0.145653363     0.925663571               0
  945      0.16717002     0.946205708               0
  946     0.121063653     0.910945993               0
  947     0.104361565     0.895109496               0
  948    0.0293546138     0.815501039               0
  949    0.0569008128     0.848413563               0
  950               0     0.785481927               0
  951     0.190391064     0.981707752               0
  952     0.169953976     0.965930415               0
  953     0.149081254     0.948001594               0
  954     0.128118695      0.93055111               0
  955    0.0804737763     0.883661835               0
  956     0.109933711     0.919400793               0
  957    0.0967024516     0.913483952               0
  958    0.0278597812     0.842679083               0
  959     0.171551615     0.985174537               0
  960     0.151514746     0.968422207               0
  961     0.131605227     0.950700015               0
  962    0.0539522073     0.874715013               0
  963     0.112035028     0.933772436               0
  964               0       0.8138762               0
  965     0.076245003     0.906871127               0
  966    0.0953234747     0.932632479               0
  967      0.11381818     0.952583448               0
  968     0.133457917     0.970984524               0
  969     0.152649224     0.988279819               0
  970    0.0268933319      0.86896313               0
  971               0      0.84106624               0
  972    0.0515533036      0.90118558               0
  973     0.074871941     0.930281249               0
  974    0.0957181684     0.953533493               0
  975       0.1148602     0.973054635               0
  976     0.133690834     0.991022468               0
  977    0.0257782921     0.894870837               0
  978               0     0.867076639               0
  979    0.0758314046     0.953280091               0
  980    0.0958992429     0.974423251               0
  981    0.0489709911     0.928966764               0
  982      0.11468336     0.993401408               0
  983               0     0.891934368               0
  984    0.0241577812     0.919291458               0
  985    0.0559704607     0.953913977               0
  986    0.0767650484     0.975391644               0
  987    0.0956338346     0.995415926               0
  988    0.0358792944     0.942020689               0
  989               0     0.915668416               0
  990    0.0579945537     0.976393736               0
  991    0.0205714329     0.939143766               0
  992    0.0380954592     0.957951537               0
  993    0.0765492022     0.997065067               0
  994    0.0203889712     0.958623138               0
  995    0.0390560383      0.97803275               0
  996               0     0.938309457               0
  997    0.0574365258     0.998348415               0
  998    0.0205800661     0.979175689               0
  999               0      0.95988953               0
 1000    0.0383027196     0.999265432               0
 1001               0     0.980441743               0
 1002    0.0191548467     0.999815702               0
 1003               0               1               0

925
1 1002 1003 1001 998
2 1000 1002 998 995
3 997 1000 995 990
4 993 997 990 986
5 987 993 986 980
6 982 987 980 975
7 976 982 975 968
8 969 976 968 960
9 959 969 960 952
10 951 959 952 943
11 942 951 943 935
12 934 942 935 926
13 925 934 926 918
14 916 925 918 907
15 905 916 907 899
16 897 905 899 889
17 886 897 889 877
18 875 886 877 865
19 864 875 865 853
20 851 864 853 840
21 838 851 840 824
22 820 838 824 808
23 805 820 808 795
24 791 805 795 777
25 775 791 777 760
26 756 775 760 740
27 736 756 740 720
28 715 736 720 698
29 694 715 698 679
30 673 694 679 661
31 657 673 661 642
32 634 657 642 621
33 612 634 621 600
34 590 612 600 583
35 572 590 583 567
36 550 572 567 544
37 535 550 544 528
38 517 535 528 510
39 499 517 510 494
40 480 499 494 477
41 463 480 477 456
42 448 463 456 441
43 432 448 441 421
44 416 432 421 403
45 396 416 403 390
46 383 396 390 371
47 365 383 371 358
48 347 365 358 343
49 335 347 343 329
50 319 335 329 317
51 302 319 317 298
52 284 302 298 283
53 273 284 283 270
54 258 273 270 256
55 242 258 256 238
56 231 242 238 228
57 216 231 228 215
58 206 216 215 203
59 192 206 203 190
60 178 192 190 176
61 166 178 176 163
62 154 166 163 152
63 144 154 152 142
64 133 144 142 132
65 125 133 132 123
66 114 125 123 111
67 104 114 111 102
68 96 104 102 94
69 88 96 94 86
70 78 88 86 79
71 69 78 79 70
72 61 69 70 60
73 54 61 60 53
74 45 54 53 44
75 38 45 44 36
76 32 38 36 31
77 22 32 31 23
78 15 22 23 17
79 9 15 17 12
80 5 9 12 7
81 2 5 7 4
82 1 2 4 3
83 735 713 710 737
84 610 607 584 588
85 619 610 588 594
86 627 619 594 609
87 645 627 609 626
88 665 645 626 655
89 690 665 655 681
90 713 690 681 710
91 6 3 4 8
92 1001 999 994 998
93 742 737 710 708
94 584 560 565 588
95 11 6 8 13
96 999 996 991 994
97 745 742 708 712
98 560 536 537 565
99 18 11 13 19
100 996 989 984 991
101 749 745 712 717
102 536 513 515 537
103 27 18 19 29
104 989 983 977 984
105 755 749 717 725
106 513 487 490 515
107 37 27 29 39
108 983 978 970 977
109 762 755 725 729
110 487 461 460 490
111 46 37 39 48
112 978 971 958 970
113 768 762 729 738
114 461 440 439 460
115 57 46 48 59
116 971 964 948 958
117 776 768 738 746
118 440 413 414 439
119 71 57 59 73
120 964 950 939 948
121 785 776 746 752
122 413 386 388 414
123 83 71 73 85
124 950 941 927 939
125 794 785 752 764
126 386 360 362 388
127 97 83 85 99
128 941 931 914 927
129 804 794 764 773
130 360 330 334 362
131 113 97 99 117
132 931 920 903 914
133 818 804 773 787
134 330 304 305 334
135 131 113 117 134
136 920 906 888 903
137 826 818 787 798
138 304 278 277 305
139 149 131 134 153
140 906 895 874 888
141 841 826 798 813
142 278 249 250 277
143 171 149 153 175
144 895 884 860 874
145 856 841 813 828
146 249 221 222 250
147 199 171 175 201
148 221 199 201 222
149 884 871 845 860
150 871 856 828 845
151 4 7 10 8
152 7 12 14 10
153 995 998 994 992
154 994 991 988 992
155 588 565 571 594
156 565 537 545 571
157 708 710 681 674
158 12 17 20 14
159 17 23 25 20
160 23 31 30 25
161 991 984 981 988
162 31 36 35 30
163 36 44 43 35
164 44 53 51 43
165 53 60 62 51
166 60 70 72 62
167 70 79 81 72
168 79 86 87 81
169 86 94 93 87
170 94 102 103 93
171 102 111 110 103
172 712 708 674 677
173 984 977 972 981
174 977 970 962 972
175 13 8 10 16
176 19 13 16 24
177 990 995 992 985
178 986 990 985 979
179 980 986 979 974
180 975 980 974 967
181 968 975 967 961
182 960 968 961 953
183 952 960 953 945
184 943 952 945 936
185 935 943 936 929
186 926 935 929 919
187 918 926 919 908
188 907 918 908 900
189 899 907 900 890
190 889 899 890 878
191 877 889 878 867
192 865 877 867 855
193 853 865 855 842
194 840 853 842 827
195 824 840 827 812
196 808 824 812 797
197 795 808 797 780
198 777 795 780 765
199 760 777 765 744
200 740 760 744 724
201 720 740 724 702
202 698 720 702 685
203 679 698 685 663
204 661 679 663 647
205 642 661 647 636
206 621 642 636 614
207 600 621 614 589
208 583 600 589 575
209 970 958 949 962
210 681 655 635 674
211 655 626 605 635
212 626 609 586 605
213 609 594 571 586
214 958 948 938 949
215 567 583 575 559
216 544 567 559 542
217 528 544 542 525
218 510 528 525 507
219 494 510 507 485
220 477 494 485 471
221 456 477 471 450
222 441 456 450 433
223 421 441 433 415
224 403 421 415 395
225 390 403 395 385
226 371 390 385 368
227 358 371 368 349
228 343 358 349 342
229 329 343 342 328
230 317 329 328 313
231 298 317 313 296
232 283 298 296 279
233 270 283 279 263
234 256 270 263 253
235 238 256 253 236
236 228 238 236 224
237 215 228 224 214
238 203 215 214 200
239 190 203 200 188
240 176 190 188 174
241 163 176 174 161
242 152 163 161 150
243 142 152 150 140
244 132 142 140 130
245 123 132 130 122
246 111 123 122 110
247 29 19 24 33
248 537 515 519 545
249 39 29 33 42
250 48 39 42 49
251 59 48 49 63
252 515 490 496 519
253 490 460 465 496
254 460 439 442 465
255 439 414 417 442
256 948 939 922 938
257 717 712 677 682
258 725 717 682 691
259 729 725 691 695
260 738 729 695 703
261 746 738 703 711
262 752 746 711 718
263 939 927 911 922
264 764 752 718 726
265 73 59 63 75
266 414 388 394 417
267 927 914 898 911
268 85 73 75 89
269 773 764 726 739
270 99 85 89 101
271 388 362 367 394
272 362 334 339 367
273 914 903 883 898
274 117 99 101 120
275 787 773 739 751
276 134 117 120 135
277 798 787 751 770
278 813 798 770 784
279 828 813 784 799
280 845 828 799 815
281 860 845 815 830
282 874 860 830 850
283 903 888 866 883
284 888 874 850 866
285 334 305 308 339
286 305 277 280 308
287 277 250 254 280
288 250 222 227 254
289 222 201 204 227
290 201 175 179 204
291 153 134 135 155
292 175 153 155 179
293 985 992 988 981
294 979 985 981 973
295 974 979 973 966
296 967 974 966 963
297 10 14 21 16
298 14 20 26 21
299 25 30 26 20
300 30 35 34 26
301 35 43 41 34
302 43 51 50 41
303 961 967 963 954
304 953 961 954 944
305 945 953 944 937
306 936 945 937 930
307 929 936 930 921
308 919 929 921 912
309 908 919 912 902
310 900 908 902 891
311 51 62 64 50
312 62 72 74 64
313 72 81 84 74
314 81 87 93 84
315 890 900 891 881
316 878 890 881 869
317 867 878 869 857
318 855 867 857 844
319 842 855 844 829
320 827 842 829 817
321 812 827 817 800
322 797 812 800 786
323 780 797 786 767
324 765 780 767 748
325 744 765 748 727
326 724 744 727 706
327 702 724 706 689
328 677 674 635 640
329 682 677 640 644
330 691 682 644 656
331 24 16 21 28
332 28 21 26 34
333 33 24 28 40
334 28 34 41 40
335 42 33 40 47
336 49 42 47 55
337 63 49 55 65
338 571 545 558 586
339 545 519 533 558
340 519 496 500 533
341 496 465 469 500
342 465 442 444 469
343 442 417 419 444
344 605 586 558 578
345 635 605 578 602
346 417 394 398 419
347 394 367 370 398
348 367 339 346 370
349 695 691 656 660
350 703 695 660 667
351 711 703 667 672
352 718 711 672 683
353 726 718 683 693
354 739 726 693 704
355 75 63 65 76
356 89 75 76 90
357 101 89 90 106
358 120 101 106 126
359 135 120 126 143
360 155 135 143 162
361 339 308 320 346
362 981 972 965 973
363 972 962 955 965
364 962 949 940 955
365 949 938 924 940
366 938 922 909 924
367 922 911 894 909
368 911 898 880 894
369 898 883 862 880
370 751 739 704 719
371 770 751 719 734
372 784 770 734 750
373 799 784 750 769
374 815 799 769 788
375 830 815 788 802
376 308 280 291 320
377 280 254 262 291
378 179 155 162 187
379 204 179 187 209
380 254 227 234 262
381 227 204 209 234
382 850 830 802 822
383 866 850 822 843
384 883 866 843 862
385 150 161 158 146
386 140 150 146 138
387 161 174 173 158
388 130 140 138 128
389 122 130 128 119
390 174 188 186 173
391 188 200 198 186
392 200 214 212 198
393 214 224 225 212
394 224 236 237 225
395 236 253 251 237
396 253 263 260 251
397 263 279 275 260
398 279 296 293 275
399 296 313 314 293
400 313 328 338 314
401 328 342 349 338
402 349 368 356 338
403 368 385 375 356
404 385 395 393 375
405 395 415 400 393
406 415 433 426 400
407 433 450 447 426
408 450 471 466 447
409 471 485 483 466
410 110 122 119 112
411 103 110 112 107
412 93 103 107 100
413 485 507 504 483
414 507 525 524 504
415 525 542 540 524
416 542 559 553 540
417 559 575 566 553
418 575 589 577 566
419 589 614 596 577
420 647 663 651 632
421 636 647 632 614
422 112 119 116 107
423 685 702 689 666
424 663 685 666 651
425 966 973 965 957
426 963 966 957 956
427 596 614 632 620
428 577 596 580 563
429 119 128 127 116
430 128 138 137 127
431 100 107 116 109
432 954 963 956 946
433 944 954 946 932
434 937 944 932 928
435 930 937 928 923
436 921 930 923 917
437 912 921 917 904
438 902 912 904 893
439 138 146 148 137
440 146 158 160 148
441 158 173 172 160
442 173 186 184 172
443 186 198 196 184
444 198 212 211 196
445 212 225 229 211
446 225 237 248 229
447 251 260 248 237
448 260 275 272 248
449 275 293 292 272
450 632 651 639 620
451 891 902 893 882
452 881 891 882 870
453 869 881 870 858
454 857 869 858 846
455 844 857 846 831
456 829 844 831 819
457 817 829 819 803
458 800 817 803 790
459 786 800 790 772
460 767 786 772 754
461 748 767 754 732
462 727 748 732 714
463 706 727 714 692
464 689 706 692 669
465 293 314 312 292
466 93 100 91 84
467 635 602 599 640
468 74 84 91 82
469 64 74 82 66
470 50 64 66 52
471 41 50 52 40
472 47 40 52 56
473 55 47 56 58
474 65 55 58 68
475 76 65 68 77
476 644 640 599 601
477 602 578 551 599
478 578 558 533 551
479 656 644 601 611
480 660 656 611 622
481 667 660 622 631
482 672 667 631 641
483 533 500 508 551
484 500 469 468 508
485 683 672 641 649
486 469 444 443 468
487 693 683 649 659
488 704 693 659 668
489 444 419 423 443
490 419 398 408 423
491 398 370 387 408
492 965 955 947 957
493 957 947 946 956
494 955 940 933 947
495 940 924 910 933
496 946 947 933 932
497 924 909 892 910
498 90 76 77 92
499 909 894 876 892
500 894 880 859 876
501 370 346 361 387
502 719 704 668 686
503 734 719 686 700
504 750 734 700 716
505 769 750 716 733
506 106 90 92 108
507 126 106 108 129
508 346 320 326 361
509 320 291 299 326
510 291 262 271 299
511 143 126 129 147
512 162 143 147 169
513 788 769 733 753
514 802 788 753 774
515 880 862 839 859
516 862 843 816 839
517 822 802 774 793
518 843 822 793 816
519 187 162 169 194
520 209 187 194 217
521 234 209 217 241
522 262 234 241 271
523 400 426 425 399
524 393 400 376 375
525 356 375 376 353
526 426 447 446 425
527 447 466 464 446
528 466 483 481 464
529 483 504 497 481
530 504 524 527 497
531 540 553 566 546
532 524 540 546 527
533 68 67 80 77
534 577 563 546 566
535 580 596 620 604
536 651 666 653 639
537 620 639 623 604
538 338 356 353 333
539 338 333 312 314
540 666 689 669 653
541 400 399 374 376
542 915 928 932 913
543 68 58 56 67
544 67 56 52 66
545 67 66 82 80
546 100 109 105 91
547 116 127 124 109
548 127 137 136 124
549 137 148 151 136
550 148 160 164 151
551 160 172 168 164
552 172 184 180 168
553 184 196 193 180
554 196 211 208 193
555 211 229 226 208
556 917 923 928 915
557 904 917 915 901
558 893 904 901 885
559 882 893 885 873
560 870 882 873 861
561 858 870 861 847
562 846 858 847 837
563 831 846 837 821
564 819 831 821 806
565 803 819 806 792
566 790 803 792 778
567 772 790 778 761
568 754 772 761 743
569 732 754 743 723
570 714 732 723 696
571 692 714 696 670
572 669 692 670 652
573 353 376 374 350
574 82 91 105 98
575 601 599 551 555
576 611 601 555 569
577 622 611 569 585
578 631 622 585 593
579 641 631 593 606
580 649 641 606 615
581 659 649 615 624
582 668 659 624 638
583 686 668 638 650
584 700 686 650 664
585 716 700 664 680
586 733 716 680 699
587 753 733 699 721
588 774 753 721 741
589 793 774 741 766
590 816 793 766 789
591 551 508 506 555
592 508 468 458 506
593 468 443 428 458
594 443 423 408 428
595 408 387 405 428
596 387 361 379 405
597 361 326 345 379
598 326 299 315 345
599 299 271 281 315
600 839 816 789 809
601 859 839 809 835
602 876 859 835 854
603 892 876 854 872
604 932 933 910 913
605 910 892 872 887
606 271 241 255 281
607 241 217 230 255
608 217 194 207 230
609 194 169 183 207
610 169 147 159 183
611 147 129 141 159
612 129 108 115 141
613 108 92 95 115
614 92 77 80 95
615 80 82 98 95
616 464 481 497 476
617 497 527 538 511
618 292 312 309 290
619 272 292 290 269
620 248 272 269 246
621 229 248 246 226
622 399 425 427 401
623 563 580 561 538
624 546 563 538 527
625 669 652 633 653
626 623 639 653 633
627 312 333 325 309
628 333 353 350 325
629 561 580 604 597
630 604 623 633 597
631 425 446 449 427
632 446 464 476 449
633 476 497 511 482
634 399 401 377 374
635 511 538 561 529
636 109 124 121 105
637 350 374 377 351
638 124 136 139 121
639 136 151 156 139
640 151 164 170 156
641 164 168 180 170
642 180 193 189 170
643 193 208 205 189
644 208 226 223 205
645 226 246 244 223
646 246 269 266 244
647 269 290 287 266
648 290 309 306 287
649 910 887 896 913
650 896 901 915 913
651 885 901 896 879
652 873 885 879 863
653 861 873 863 848
654 847 861 848 834
655 837 847 834 825
656 821 837 825 814
657 806 821 814 796
658 792 806 796 779
659 778 792 779 771
660 761 778 771 757
661 743 761 757 730
662 723 743 730 709
663 696 723 709 687
664 670 696 687 658
665 652 670 658 625
666 633 652 625 597
667 98 105 121 118
668 95 98 118 115
669 569 555 506 530
670 585 569 530 547
671 593 585 547 562
672 606 593 562 573
673 615 606 573 582
674 624 615 582 591
675 428 405 436 458
676 638 624 591 603
677 650 638 603 618
678 664 650 618 630
679 680 664 630 648
680 405 379 411 436
681 379 345 369 411
682 699 680 648 662
683 721 699 662 688
684 741 721 688 707
685 766 741 707 731
686 789 766 731 758
687 809 789 758 781
688 835 809 781 807
689 854 835 807 832
690 872 854 832 852
691 887 872 852 868
692 896 887 868 879
693 141 115 118 145
694 345 315 337 369
695 315 281 297 337
696 281 255 268 297
697 255 230 240 268
698 230 207 218 240
699 506 458 436 474
700 207 183 197 218
701 183 159 177 197
702 159 141 157 177
703 401 427 431 402
704 863 879 868 849
705 427 449 454 431
706 449 476 482 454
707 309 325 324 306
708 325 350 351 324
709 848 863 849 833
710 834 848 833 810
711 825 834 810 814
712 401 402 378 377
713 402 431 434 406
714 482 511 529 491
715 170 189 182 156
716 189 205 202 182
717 205 223 220 202
718 223 244 243 220
719 244 266 265 243
720 266 287 286 265
721 287 306 307 286
722 351 377 378 352
723 121 139 145 118
724 530 506 474 502
725 547 530 502 516
726 561 597 570 529
727 597 625 608 570
728 625 658 643 608
729 658 687 678 643
730 687 709 705 678
731 709 730 728 705
732 779 796 782 763
733 757 771 779 763
734 796 814 810 782
735 868 852 836 849
736 852 832 811 836
737 832 807 783 811
738 562 547 516 531
739 573 562 531 539
740 582 573 539 549
741 591 582 549 564
742 603 591 564 574
743 618 603 574 587
744 630 618 587 598
745 648 630 598 613
746 662 648 613 629
747 688 662 629 654
748 157 141 145 167
749 145 139 156 165
750 807 781 747 783
751 781 758 722 747
752 758 731 701 722
753 707 688 654 676
754 731 707 676 701
755 177 157 167 191
756 197 177 191 213
757 218 197 213 235
758 474 436 411 452
759 240 218 235 257
760 268 240 257 282
761 297 268 282 321
762 337 297 321 364
763 369 337 364 391
764 411 369 391 422
765 306 324 327 307
766 324 351 352 327
767 411 422 457 452
768 378 402 406 382
769 849 836 823 833
770 352 378 382 354
771 434 431 454 459
772 454 482 491 459
773 730 757 763 728
774 782 810 801 759
775 810 833 823 801
776 836 811 801 823
777 678 705 728 684
778 643 678 684 637
779 608 643 637 592
780 422 391 412 438
781 391 364 410 412
782 479 452 457 489
783 502 474 452 479
784 516 502 479 489
785 531 516 489 503
786 539 531 503 512
787 549 539 512 522
788 564 549 522 532
789 574 564 532 541
790 587 574 541 552
791 598 587 552 568
792 613 598 568 579
793 629 613 579 595
794 654 629 595 617
795 676 654 617 646
796 701 676 646 671
797 722 701 671 675
798 747 722 675 697
799 783 747 697 759
800 801 811 783 759
801 570 608 592 556
802 529 570 556 523
803 491 529 523 493
804 167 145 165 185
805 156 182 181 165
806 191 167 185 210
807 182 202 195 181
808 165 181 195 185
809 202 220 219 195
810 213 191 210 232
811 185 195 219 210
812 235 213 232 259
813 220 243 245 219
814 243 265 267 245
815 265 286 289 267
816 286 307 310 289
817 257 235 259 276
818 282 257 276 300
819 321 282 300 332
820 364 321 332 372
821 406 434 435 409
822 310 307 327 331
823 331 327 352 354
824 434 459 462 435
825 459 491 493 462
826 503 489 457 472
827 382 406 409 384
828 354 382 384 355
829 512 503 472 478
830 522 512 478 488
831 532 522 488 501
832 541 532 501 514
833 552 541 514 526
834 568 552 526 534
835 579 568 534 543
836 728 759 697 684
837 595 579 543 557
838 410 364 372 418
839 412 410 445 438
840 457 422 438 472
841 637 684 697 628
842 671 646 616 675
843 697 675 616 628
844 646 617 576 616
845 617 595 557 576
846 592 637 628 581
847 556 592 581 548
848 289 310 311 288
849 267 289 288 264
850 245 267 264 252
851 219 245 252 239
852 210 219 239 233
853 232 210 233 247
854 259 232 247 274
855 300 276 295 318
856 332 300 318 348
857 372 332 348 389
858 252 264 261 239
859 233 239 261 247
860 478 472 438 445
861 523 556 548 520
862 310 331 336 311
863 331 354 355 336
864 264 288 285 261
865 288 311 316 285
866 493 523 520 495
867 493 495 473 462
868 488 478 445 451
869 276 259 294 295
870 259 274 301 294
871 247 261 285 274
872 501 488 451 467
873 445 410 418 451
874 514 501 467 484
875 526 514 484 505
876 534 526 505 498
877 318 295 294 323
878 348 318 323 366
879 543 534 498 509
880 557 543 509 518
881 372 389 430 418
882 451 418 430 467
883 581 628 616 554
884 548 581 554 520
885 576 557 518 521
886 616 576 521 554
887 389 348 366 407
888 384 409 404 381
889 409 435 437 404
890 355 384 381 357
891 435 462 473 437
892 311 336 340 316
893 357 340 336 355
894 301 274 285 303
895 294 301 341 323
896 484 467 430 455
897 430 389 407 455
898 498 505 484 455
899 509 498 455 470
900 285 316 322 303
901 473 495 520 492
902 520 554 521 492
903 366 323 341 380
904 301 303 322 341
905 407 366 380 429
906 455 407 429 470
907 518 509 470 486
908 357 381 373 359
909 381 404 397 373
910 404 437 420 397
911 437 473 492 453
912 340 357 359 344
913 316 340 344 322
914 359 373 363 344
915 322 344 363 341
916 373 397 392 363
917 341 363 392 380
918 453 492 521 475
919 521 518 486 475
920 486 470 429 475
921 453 475 429 424
922 397 420 424 392
923 380 392 424 429
924 424 420 437 453
925 759 728 763 782
