KABSOLUTE
0       1.0e-13      0.0      0.0      0.0      1.0e-13      0.0      0.0      0.0      0.0e-13
1       1.0e-13      0.0      0.0      0.0      1.0e-13      0.0      0.0      0.0      0.0e-13
2       1.0e-13      0.0      0.0      0.0      1.0e-13      0.0      0.0      0.0      0.0e-13
3       1.0e-13      0.0      0.0      0.0      1.0e-13      0.0      0.0      0.0      0.0e-13
4       1.0e-13      0.0      0.0      0.0      1.0e-13      0.0      0.0      0.0      0.0e-13
5       1.0e-13      0.0      0.0      0.0      1.0e-13      0.0      0.0      0.0      0.0e-13
6       1.0e-13      0.0      0.0      0.0      1.0e-13      0.0      0.0      0.0      0.0e-13
7       1.0e-13      0.0      0.0      0.0      1.0e-13      0.0      0.0      0.0      0.0e-13
8       1.0e-13      0.0      0.0      0.0      1.0e-13      0.0      0.0      0.0      0.0e-13
9       1.0e-13      0.0      0.0      0.0      1.0e-13      0.0      0.0      0.0      0.0e-13
10       1.0e-13      0.0      0.0      0.0      1.0e-13      0.0      0.0      0.0      0.0e-13
11       1.0e-13      0.0      0.0      0.0      1.0e-13      0.0      0.0      0.0      0.0e-13
12       1.0e-13      0.0      0.0      0.0      1.0e-13      0.0      0.0      0.0      0.0e-13
13       1.0e-13      0.0      0.0      0.0      1.0e-13      0.0      0.0      0.0      0.0e-13
14       1.0e-13      0.0      0.0      0.0      1.0e-13      0.0      0.0      0.0      0.0e-13
15       1.0e-13      0.0      0.0      0.0      1.0e-13      0.0      0.0      0.0      0.0e-13
16       1.0e-13      0.0      0.0      0.0      1.0e-13      0.0      0.0      0.0      0.0e-13
17       1.0e-13      0.0      0.0      0.0      1.0e-13      0.0      0.0      0.0      0.0e-13
18       1.0e-13      0.0      0.0      0.0      1.0e-13      0.0      0.0      0.0      0.0e-13
19       1.0e-13      0.0      0.0      0.0      1.0e-13      0.0      0.0      0.0      0.0e-13
20       1.0e-13      0.0      0.0      0.0      1.0e-13      0.0      0.0      0.0      0.0e-13
21       1.0e-13      0.0      0.0      0.0      1.0e-13      0.0      0.0      0.0      0.0e-13
22       1.0e-13      0.0      0.0      0.0      1.0e-13      0.0      0.0      0.0      0.0e-13
23       1.0e-13      0.0      0.0      0.0      1.0e-13      0.0      0.0      0.0      0.0e-13
24       1.0e-13      0.0      0.0      0.0      1.0e-13      0.0      0.0      0.0      0.0e-13
25       1.0e-13      0.0      0.0      0.0      1.0e-13      0.0      0.0      0.0      0.0e-13
26       1.0e-13      0.0      0.0      0.0      1.0e-13      0.0      0.0      0.0      0.0e-13
27       1.0e-13      0.0      0.0      0.0      1.0e-13      0.0      0.0      0.0      0.0e-13
28       1.0e-13      0.0      0.0      0.0      1.0e-13      0.0      0.0      0.0      0.0e-13
29       1.0e-13      0.0      0.0      0.0      1.0e-13      0.0      0.0      0.0      0.0e-13
30       1.0e-13      0.0      0.0      0.0      1.0e-13      0.0      0.0      0.0      0.0e-13
31       1.0e-13      0.0      0.0      0.0      1.0e-13      0.0      0.0      0.0      0.0e-13
32       1.0e-13      0.0      0.0      0.0      1.0e-13      0.0      0.0      0.0      0.0e-13
33       1.0e-13      0.0      0.0      0.0      1.0e-13      0.0      0.0      0.0      0.0e-13
34       1.0e-13      0.0      0.0      0.0      1.0e-13      0.0      0.0      0.0      0.0e-13
35       1.0e-13      0.0      0.0      0.0      1.0e-13      0.0      0.0      0.0      0.0e-13
36       1.0e-13      0.0      0.0      0.0      1.0e-13      0.0      0.0      0.0      0.0e-13
37       1.0e-13      0.0      0.0      0.0      1.0e-13      0.0      0.0      0.0      0.0e-13
38       1.0e-13      0.0      0.0      0.0      1.0e-13      0.0      0.0      0.0      0.0e-13
39       1.0e-13      0.0      0.0      0.0      1.0e-13      0.0      0.0      0.0      0.0e-13
40       1.0e-13      0.0      0.0      0.0      1.0e-13      0.0      0.0      0.0      0.0e-13
41       1.0e-13      0.0      0.0      0.0      1.0e-13      0.0      0.0      0.0      0.0e-13
42       1.0e-13      0.0      0.0      0.0      1.0e-13      0.0      0.0      0.0      0.0e-13
43       1.0e-13      0.0      0.0      0.0      1.0e-13      0.0      0.0      0.0      0.0e-13
44       1.0e-13      0.0      0.0      0.0      1.0e-13      0.0      0.0      0.0      0.0e-13
45       1.0e-13      0.0      0.0      0.0      1.0e-13      0.0      0.0      0.0      0.0e-13
46       1.0e-13      0.0      0.0      0.0      1.0e-13      0.0      0.0      0.0      0.0e-13
47       1.0e-13      0.0      0.0      0.0      1.0e-13      0.0      0.0      0.0      0.0e-13
48       1.0e-13      0.0      0.0      0.0      1.0e-13      0.0      0.0      0.0      0.0e-13
49       1.0e-13      0.0      0.0      0.0      1.0e-13      0.0      0.0      0.0      0.0e-13
50       1.0e-13      0.0      0.0      0.0      1.0e-13      0.0      0.0      0.0      0.0e-13
51       1.0e-13      0.0      0.0      0.0      1.0e-13      0.0      0.0      0.0      0.0e-13
52       1.0e-13      0.0      0.0      0.0      1.0e-13      0.0      0.0      0.0      0.0e-13
53       1.0e-13      0.0      0.0      0.0      1.0e-13      0.0      0.0      0.0      0.0e-13
54       1.0e-13      0.0      0.0      0.0      1.0e-13      0.0      0.0      0.0      0.0e-13
55       1.0e-13      0.0      0.0      0.0      1.0e-13      0.0      0.0      0.0      0.0e-13
56       1.0e-13      0.0      0.0      0.0      1.0e-13      0.0      0.0      0.0      0.0e-13
57       1.0e-13      0.0      0.0      0.0      1.0e-13      0.0      0.0      0.0      0.0e-13
58       1.0e-13      0.0      0.0      0.0      1.0e-13      0.0      0.0      0.0      0.0e-13
59       1.0e-13      0.0      0.0      0.0      1.0e-13      0.0      0.0      0.0      0.0e-13
60       1.0e-13      0.0      0.0      0.0      1.0e-13      0.0      0.0      0.0      0.0e-13
61       1.0e-13      0.0      0.0      0.0      1.0e-13      0.0      0.0      0.0      0.0e-13
62       1.0e-13      0.0      0.0      0.0      1.0e-13      0.0      0.0      0.0      0.0e-13
63       1.0e-13      0.0      0.0      0.0      1.0e-13      0.0      0.0      0.0      0.0e-13
