KABSOLUTE
0       1.0e-24     0.0      0.0      0.0      1.0e-24     0.0      0.0      0.0      0.0e-22
1       1.0e-13      0.0      0.0      0.0      1.0e-13      0.0      0.0      0.0      0.0e-22
2       1.0e-24     0.0      0.0      0.0      1.0e-24     0.0      0.0      0.0      0.0e-22
3       1.0e-13      0.0      0.0      0.0      1.0e-13      0.0      0.0      0.0      0.0e-22
4       1.0e-13      0.0      0.0      0.0      1.0e-13      0.0      0.0      0.0      0.0e-22
5       1.0e-13      0.0      0.0      0.0      1.0e-13      0.0      0.0      0.0      0.0e-22
6       1.0e-24     0.0      0.0      0.0      1.0e-24     0.0      0.0      0.0      0.0e-22
7       1.0e-24     0.0      0.0      0.0      1.0e-24     0.0      0.0      0.0      0.0e-22
8       1.0e-24     0.0      0.0      0.0      1.0e-24     0.0      0.0      0.0      0.0e-22
9       1.0e-13      0.0      0.0      0.0      1.0e-13      0.0      0.0      0.0      0.0e-22
10       1.0e-13      0.0      0.0      0.0      1.0e-13      0.0      0.0      0.0      0.0e-22
11       1.0e-13      0.0      0.0      0.0      1.0e-13      0.0      0.0      0.0      0.0e-22
12       1.0e-24     0.0      0.0      0.0      1.0e-24     0.0      0.0      0.0      0.0e-22
13       1.0e-13      0.0      0.0      0.0      1.0e-13      0.0      0.0      0.0      0.0e-22
14       1.0e-24     0.0      0.0      0.0      1.0e-24     0.0      0.0      0.0      0.0e-22
15       1.0e-24     0.0      0.0      0.0      1.0e-24     0.0      0.0      0.0      0.0e-22
16       1.0e-24     0.0      0.0      0.0      1.0e-24     0.0      0.0      0.0      0.0e-22
17       1.0e-24     0.0      0.0      0.0      1.0e-24     0.0      0.0      0.0      0.0e-22
18       1.0e-24     0.0      0.0      0.0      1.0e-24     0.0      0.0      0.0      0.0e-22
19       1.0e-24     0.0      0.0      0.0      1.0e-24     0.0      0.0      0.0      0.0e-22
20       1.0e-24     0.0      0.0      0.0      1.0e-24     0.0      0.0      0.0      0.0e-22
21       1.0e-13      0.0      0.0      0.0      1.0e-13      0.0      0.0      0.0      0.0e-22
22       1.0e-24     0.0      0.0      0.0      1.0e-24     0.0      0.0      0.0      0.0e-22
23       1.0e-24     0.0      0.0      0.0      1.0e-24     0.0      0.0      0.0      0.0e-22
24       1.0e-13      0.0      0.0      0.0      1.0e-13      0.0      0.0      0.0      0.0e-22
25       1.0e-13      0.0      0.0      0.0      1.0e-13      0.0      0.0      0.0      0.0e-22
26       1.0e-13      0.0      0.0      0.0      1.0e-13      0.0      0.0      0.0      0.0e-22
27       1.0e-13      0.0      0.0      0.0      1.0e-13      0.0      0.0      0.0      0.0e-22
28       1.0e-13      0.0      0.0      0.0      1.0e-13      0.0      0.0      0.0      0.0e-22
29       1.0e-13      0.0      0.0      0.0      1.0e-13      0.0      0.0      0.0      0.0e-22
30       1.0e-24     0.0      0.0      0.0      1.0e-24     0.0      0.0      0.0      0.0e-22
31       1.0e-24     0.0      0.0      0.0      1.0e-24     0.0      0.0      0.0      0.0e-22
32       1.0e-13      0.0      0.0      0.0      1.0e-13      0.0      0.0      0.0      0.0e-22
33       1.0e-24     0.0      0.0      0.0      1.0e-24     0.0      0.0      0.0      0.0e-22
34       1.0e-24     0.0      0.0      0.0      1.0e-24     0.0      0.0      0.0      0.0e-22
35       1.0e-24     0.0      0.0      0.0      1.0e-24     0.0      0.0      0.0      0.0e-22
36       1.0e-24     0.0      0.0      0.0      1.0e-24     0.0      0.0      0.0      0.0e-22
37       1.0e-24     0.0      0.0      0.0      1.0e-24     0.0      0.0      0.0      0.0e-22
38       1.0e-24     0.0      0.0      0.0      1.0e-24     0.0      0.0      0.0      0.0e-22
39       1.0e-24     0.0      0.0      0.0      1.0e-24     0.0      0.0      0.0      0.0e-22
40       1.0e-13      0.0      0.0      0.0      1.0e-13      0.0      0.0      0.0      0.0e-22
41       1.0e-13      0.0      0.0      0.0      1.0e-13      0.0      0.0      0.0      0.0e-22
42       1.0e-24     0.0      0.0      0.0      1.0e-24     0.0      0.0      0.0      0.0e-22
43       1.0e-13      0.0      0.0      0.0      1.0e-13      0.0      0.0      0.0      0.0e-22
44       1.0e-13      0.0      0.0      0.0      1.0e-13      0.0      0.0      0.0      0.0e-22
45       1.0e-13      0.0      0.0      0.0      1.0e-13      0.0      0.0      0.0      0.0e-22
46       1.0e-24     0.0      0.0      0.0      1.0e-24     0.0      0.0      0.0      0.0e-22
47       1.0e-24     0.0      0.0      0.0      1.0e-24     0.0      0.0      0.0      0.0e-22
48       1.0e-24     0.0      0.0      0.0      1.0e-24     0.0      0.0      0.0      0.0e-22
49       1.0e-13      0.0      0.0      0.0      1.0e-13      0.0      0.0      0.0      0.0e-22
50       1.0e-24     0.0      0.0      0.0      1.0e-24     0.0      0.0      0.0      0.0e-22
51       1.0e-13      0.0      0.0      0.0      1.0e-13      0.0      0.0      0.0      0.0e-22
52       1.0e-24     0.0      0.0      0.0      1.0e-24     0.0      0.0      0.0      0.0e-22
53       1.0e-13      0.0      0.0      0.0      1.0e-13      0.0      0.0      0.0      0.0e-22
54       1.0e-24     0.0      0.0      0.0      1.0e-24     0.0      0.0      0.0      0.0e-22
55       1.0e-13      0.0      0.0      0.0      1.0e-13      0.0      0.0      0.0      0.0e-22
56       1.0e-24     0.0      0.0      0.0      1.0e-24     0.0      0.0      0.0      0.0e-22
57       1.0e-13      0.0      0.0      0.0      1.0e-13      0.0      0.0      0.0      0.0e-22
58       1.0e-13      0.0      0.0      0.0      1.0e-13      0.0      0.0      0.0      0.0e-22
59       1.0e-13      0.0      0.0      0.0      1.0e-13      0.0      0.0      0.0      0.0e-22
60       1.0e-24     0.0      0.0      0.0      1.0e-24     0.0      0.0      0.0      0.0e-22
61       1.0e-13      0.0      0.0      0.0      1.0e-13      0.0      0.0      0.0      0.0e-22
62       1.0e-13      0.0      0.0      0.0      1.0e-13      0.0      0.0      0.0      0.0e-22
63       1.0e-13      0.0      0.0      0.0      1.0e-13      0.0      0.0      0.0      0.0e-22
