KABSOLUTE
33       1.0e-13      0.0      0.0      0.0      1.0e-13      0.0      0.0      0.0      0.0e-13
34       1.0e-13      0.0      0.0      0.0      1.0e-13      0.0      0.0      0.0      0.0e-13
35       1.0e-13      0.0      0.0      0.0      1.0e-13      0.0      0.0      0.0      0.0e-13
36       1.0e-13      0.0      0.0      0.0      1.0e-13      0.0      0.0      0.0      0.0e-13
37       1.0e-13      0.0      0.0      0.0      1.0e-13      0.0      0.0      0.0      0.0e-13
38       1.0e-13      0.0      0.0      0.0      1.0e-13      0.0      0.0      0.0      0.0e-13
39       1.0e-13      0.0      0.0      0.0      1.0e-13      0.0      0.0      0.0      0.0e-13
40       1.0e-13      0.0      0.0      0.0      1.0e-13      0.0      0.0      0.0      0.0e-13
41       1.0e-13      0.0      0.0      0.0      1.0e-13      0.0      0.0      0.0      0.0e-13
42       1.0e-13      0.0      0.0      0.0      1.0e-13      0.0      0.0      0.0      0.0e-13
43       1.0e-13      0.0      0.0      0.0      1.0e-13      0.0      0.0      0.0      0.0e-13
44       1.0e-13      0.0      0.0      0.0      1.0e-13      0.0      0.0      0.0      0.0e-13
45       1.0e-13      0.0      0.0      0.0      1.0e-13      0.0      0.0      0.0      0.0e-13
46       1.0e-13      0.0      0.0      0.0      1.0e-13      0.0      0.0      0.0      0.0e-13
47       1.0e-13      0.0      0.0      0.0      1.0e-13      0.0      0.0      0.0      0.0e-13
48       1.0e-13      0.0      0.0      0.0      1.0e-13      0.0      0.0      0.0      0.0e-13