This file format is designed for importing mesh result into sbfem3d project. It is created by Yan LIU (liuyan0411@gmail.com)
662 273
6.83249	7.64551	5
7.25	12.24	5
2.6862	12.24	5
2.21853	7.25041	5
6.83249	7.64551	10
7.25	12.24	10
2.6862	12.24	10
2.21853	7.25041	10
7.25	17.24	5
2.69271	17.24	5
7.25	17.24	10
2.69271	17.24	10
11.9319	12.5544	5
12.25	17.24	5
11.9319	12.5544	10
12.25	17.24	10
7.25	22.24	5
2.69271	22.24	5
7.25	22.24	10
2.69271	22.24	10
12.25	22.24	5
12.25	22.24	10
17.0313	17.4632	5
17.25	22.24	5
17.0313	17.4632	10
17.25	22.24	10
7.25	27.24	5
2.69271	27.24	5
7.25	27.24	10
2.69271	27.24	10
12.25	27.24	5
12.25	27.24	10
17.25	27.24	5
17.25	27.24	10
22.1308	22.3721	5
22.25	27.24	5
22.1308	22.3721	10
22.25	27.24	10
7.25	32.24	5
2.69271	32.24	5
7.25	32.24	10
2.69271	32.24	10
12.25	32.24	5
12.25	32.24	10
17.25	32.24	5
17.25	32.24	10
22.25	32.24	5
22.25	32.24	10
27.2262	27.2773	5
27.25	32.24	5
27.2262	27.2773	10
27.25	32.24	10
7.25	37.24	5
2.6862	37.2327	5
7.25	37.24	10
2.6862	37.2327	10
12.25	37.24	5
12.25	37.24	10
17.25	37.24	5
17.25	37.24	10
22.25	37.24	5
22.25	37.24	10
27.25	37.24	5
27.25	37.24	10
32.25	32.24	5
32.25	37.24	5
32.25	32.24	10
32.25	37.24	10
7.25	42.24	5
2.30313	42.0824	5
7.25	42.24	10
2.30313	42.0824	10
12.25	42.24	5
12.25	42.24	10
17.25	42.24	5
17.25	42.24	10
22.25	42.24	5
22.25	42.24	10
27.25	42.24	5
27.25	42.24	10
32.25	42.24	5
32.25	42.24	10
37.25	37.24	5
37.25	42.24	5
37.25	37.24	10
37.25	42.24	10
17.25	47.24	5
12.3686	46.8759	5
17.25	47.24	10
12.3686	46.8759	10
22.25	47.24	5
22.25	47.24	10
27.25	47.24	5
27.25	47.24	10
32.25	47.24	5
32.25	47.24	10
37.25	47.24	5
37.25	47.24	10
42.25	42.24	5
42.25	47.24	5
42.25	42.24	10
42.25	47.24	10
32.25	52.24	5
27.3686	51.8759	5
32.25	52.24	10
27.3686	51.8759	10
37.25	52.24	5
37.25	52.24	10
42.25	52.24	5
42.25	52.24	10
46.8181	47.3427	5
46.3516	52.2395	5
46.8181	47.3427	10
46.3516	52.2395	10
46.8543	57.117	5
42.3629	56.8748	5
46.8543	57.117	10
42.3629	56.8748	10
1.76197	2.74852	5
1.84822	2.67947	7.5
1.76197	2.74852	10
2.17181	4.88328	5
2.22211	4.82354	7.5
2.24584	7.24313	7.5
2.17181	4.88328	10
4.28352	5.20148	5
4.35227	5.13001	7.5
4.75	7.24	5
6.89239	7.58782	7.5
4.75	7.24	7.5
4.28352	5.20148	10
4.75	7.24	10
1.69596	9.74025	5
1.67911	9.74004	7.5
1.86346	12.24	7.5
1.69596	9.74025	10
9.3822	10.0999	5
9.435	10.0488	7.5
9.75	12.24	5
11.9776	12.5097	7.5
9.75	12.24	7.5
7.25	9.74	5
7.25	12.24	7.5
7.25	9.74	7.5
9.3822	10.0999	10
9.75	12.24	10
7.25	9.74	10
1.79167	14.74	5
1.64392	14.74	7.5
1.861	17.24	7.5
1.79167	14.74	10
14.4816	15.0088	5
14.5202	14.9706	7.5
14.75	17.24	5
17.0628	17.4316	7.5
14.75	17.24	7.5
12.25	14.74	5
12.25	17.24	7.5
12.25	14.74	7.5
14.4816	15.0088	10
14.75	17.24	10
12.25	14.74	10
1.79167	19.74	5
1.64392	19.74	7.5
1.861	22.24	7.5
1.79167	19.74	10
19.5811	19.9176	5
19.6055	19.8925	7.5
19.75	22.24	5
22.1481	22.3534	7.5
19.75	22.24	7.5
17.25	19.74	5
17.25	22.24	7.5
17.25	19.74	7.5
19.5811	19.9176	10
19.75	22.24	10
17.25	19.74	10
1.79167	24.74	5
1.64392	24.74	7.5
1.861	27.24	7.5
1.79167	24.74	10
24.6805	24.8265	5
24.6907	24.8144	7.5
24.75	27.24	5
27.2311	27.2733	7.5
24.75	27.24	7.5
22.25	24.74	5
22.25	27.24	7.5
22.25	24.74	7.5
24.6805	24.8265	10
24.75	27.24	10
22.25	24.74	10
1.79167	29.74	5
1.64392	29.74	7.5
1.861	32.24	7.5
1.79167	29.74	10
31.7507	30.2624	5
29.8158	29.9458	5
31.8187	30.1796	7.5
29.8222	29.8929	7.5
29.75	32.24	5
32.25	32.24	7.5
29.75	32.24	7.5
27.25	29.74	5
27.25	32.24	7.5
27.25	29.74	7.5
31.7507	30.2624	10
29.8158	29.9458	10
29.75	32.24	10
27.25	29.74	10
34.2829	32.6912	5
34.3498	32.6269	7.5
34.2829	32.6912	10
1.79167	34.7392	5
1.64392	34.7399	7.5
1.86346	37.2374	7.5
1.79167	34.7392	10
36.8325	35.1455	5
34.75	34.74	5
36.8924	35.0878	7.5
34.75	34.74	7.5
34.75	37.24	5
37.25	37.24	7.5
34.75	37.24	7.5
32.25	34.74	5
32.25	37.24	7.5
32.25	34.74	7.5
36.8325	35.1455	10
34.75	34.74	10
34.75	37.24	10
32.25	34.74	10
39.3822	37.5999	5
39.435	37.5488	7.5
39.3822	37.5999	10
1.70227	39.6916	5
1.68073	39.7185	7.5
2.29135	42.1416	7.5
1.70227	39.6916	10
41.9319	40.0544	5
39.75	39.74	5
41.9776	40.0097	7.5
39.75	39.74	7.5
39.75	42.24	5
42.25	42.24	7.5
39.75	42.24	7.5
37.25	39.74	5
37.25	42.24	7.5
37.25	39.74	7.5
41.9319	40.0544	10
39.75	39.74	10
39.75	42.24	10
37.25	39.74	10
44.4589	42.488	5
44.5094	42.4607	7.5
44.4589	42.488	10
2.85324	44.1386	5
2.74715	44.2439	7.5
2.85324	44.1386	10
7.2091	44.4864	5
4.87817	44.2838	5
4.75	42.24	5
7.25	42.24	7.5
7.22451	44.5445	7.5
4.82273	44.3761	7.5
4.75	42.24	7.5
7.2091	44.4864	10
4.87817	44.2838	10
4.75	42.24	10
12.25	44.74	5
9.75	44.74	5
9.75	42.24	5
12.25	42.24	7.5
12.25	44.74	7.5
9.75	44.74	7.5
9.75	42.24	7.5
10.3046	46.6462	5
12.3192	46.9284	7.5
10.2192	46.7442	7.5
12.25	44.74	10
9.75	44.74	10
9.75	42.24	10
10.3046	46.6462	10
46.7644	45.1169	5
44.75	44.74	5
46.8581	45.0376	7.5
44.75	44.74	7.5
44.75	47.24	5
46.9025	47.2922	7.5
44.75	47.24	7.5
42.25	44.74	5
42.25	47.24	7.5
42.25	44.74	7.5
46.7644	45.1169	10
44.75	44.74	10
44.75	47.24	10
42.25	44.74	10
17.8047	49.1403	5
14.6946	47.6387	5
17.25	47.24	7.5
17.7192	49.2426	7.5
14.7155	47.5948	7.5
17.8047	49.1403	10
14.6946	47.6387	10
22.2086	49.4863	5
19.871	49.2822	5
19.75	47.24	5
22.25	47.24	7.5
22.2244	49.5445	7.5
19.8201	49.3754	7.5
19.75	47.24	7.5
22.2086	49.4863	10
19.871	49.2822	10
19.75	47.24	10
27.25	49.74	5
24.75	49.74	5
24.75	47.24	5
27.25	47.24	7.5
27.25	49.74	7.5
24.75	49.74	7.5
24.75	47.24	7.5
25.3046	51.6462	5
27.3192	51.9284	7.5
25.2192	51.7442	7.5
27.25	49.74	10
24.75	49.74	10
24.75	47.24	10
25.3046	51.6462	10
47.2215	49.7616	5
47.2086	52.2399	7.5
47.3786	49.7465	7.5
47.2215	49.7616	10
32.8047	54.1403	5
29.6946	52.6387	5
32.25	52.24	7.5
32.7192	54.2426	7.5
29.7155	52.5948	7.5
32.8047	54.1403	10
29.6946	52.6387	10
37.2086	54.4863	5
34.871	54.2822	5
34.75	52.24	5
37.25	52.24	7.5
37.2244	54.5445	7.5
34.8201	54.3754	7.5
34.75	52.24	7.5
37.2086	54.4863	10
34.871	54.2822	10
34.75	52.24	10
42.25	54.74	5
39.75	54.74	5
39.75	52.24	5
42.25	52.24	7.5
42.25	54.74	7.5
39.75	54.74	7.5
39.75	52.24	7.5
40.3045	56.6462	5
42.3178	56.9282	7.5
40.2192	56.7442	7.5
42.25	54.74	10
39.75	54.74	10
39.75	52.24	10
40.3045	56.6462	10
47.2248	54.7135	5
46.9313	57.1806	7.5
47.3798	54.732	7.5
47.2248	54.7135	10
47.1267	58.8855	5
44.6145	57.6197	5
47.209	59.0659	7.5
44.6735	57.5892	7.5
47.1267	58.8855	10
44.6145	57.6197	10
1.55284	1.42344	5
0	2.35781	5
1.65097	1.51339	7.5
0	2.32988	7.5
1.55284	1.42344	10
0	2.35781	10
2.96716	2.7199	5
2.96581	2.71866	7.5
2.96716	2.7199	10
0	4.7725	5
0	4.75422	7.5
0	7.24406	5
0	7.24051	7.5
0	4.7725	10
0	7.24406	10
5.58545	5.12	5
4.28307	3.92615	5
5.5725	5.10813	7.5
4.29392	3.93609	7.5
6.89227	6.31792	5
6.90345	6.32816	7.5
5.58545	5.12	10
4.28307	3.92615	10
6.89227	6.31792	10
8.19909	7.51583	5
8.18969	7.50721	7.5
8.19909	7.51583	10
0	9.74	5
0	9.74	7.5
0	12.24	5
0	12.24	7.5
0	9.74	10
0	12.24	10
10.8127	9.91167	5
9.50591	8.71375	5
10.8069	9.9063	7.5
9.51354	8.72074	7.5
12.1195	11.1096	5
12.1236	11.1133	7.5
10.8127	9.91167	10
9.50591	8.71375	10
12.1195	11.1096	10
13.4264	12.3075	5
13.4241	12.3054	7.5
13.4264	12.3075	10
0	14.74	5
0	14.74	7.5
0	17.24	5
0	17.24	7.5
0	14.74	10
0	17.24	10
16.04	14.7033	5
14.7332	13.5054	5
16.0413	14.7045	7.5
14.7337	13.5059	7.5
17.3468	15.9013	5
17.3438	15.8985	7.5
16.04	14.7033	10
14.7332	13.5054	10
17.3468	15.9013	10
18.6536	17.0992	5
18.6584	17.1036	7.5
18.6536	17.0992	10
0	19.74	5
0	19.74	7.5
0	22.24	5
0	22.24	7.5
0	19.74	10
0	22.24	10
21.2673	19.495	5
19.9605	18.2971	5
21.2756	19.5027	7.5
19.9539	18.2911	7.5
22.5741	20.6929	5
22.564	20.6836	7.5
21.2673	19.495	10
19.9605	18.2971	10
22.5741	20.6929	10
23.8809	21.8908	5
23.8928	21.9017	7.5
23.8809	21.8908	10
0	24.74	5
0	24.74	7.5
0	27.24	5
0	27.24	7.5
0	24.74	10
0	27.24	10
26.4945	24.2867	5
25.1877	23.0888	5
26.51	24.3008	7.5
25.174	23.0762	7.5
27.7983	25.4818	5
27.7838	25.4684	7.5
26.4945	24.2867	10
25.1877	23.0888	10
27.7983	25.4818	10
29.0931	26.6686	5
29.1177	26.6913	7.5
29.0931	26.6686	10
0	29.74	5
0	29.74	7.5
0	32.24	5
0	32.24	7.5
0	29.74	10
0	32.24	10
31.6738	29.0343	5
30.3812	27.8494	5
31.6902	29.0493	7.5
30.3567	27.827	7.5
31.6738	29.0343	10
30.3812	27.8494	10
35.5855	32.62	5
34.2792	31.4226	5
35.5725	32.6081	7.5
34.2934	31.4356	7.5
32.9744	30.2266	5
32.957	30.2105	7.5
35.5855	32.62	10
34.2792	31.4226	10
32.9744	30.2266	10
0	34.74	5
0	34.74	7.5
0	37.2284	5
0	37.2386	7.5
0	34.74	10
0	37.2284	10
36.8923	33.8179	5
36.9035	33.8282	7.5
36.8923	33.8179	10
40.8127	37.4117	5
39.5059	36.2138	5
40.8069	37.4063	7.5
39.5135	36.2207	7.5
38.1991	35.0158	5
38.1897	35.0072	7.5
40.8127	37.4117	10
39.5059	36.2138	10
38.1991	35.0158	10
0	39.6475	5
0	39.6995	7.5
0	41.9047	5
0	41.9842	7.5
0	39.6475	10
0	41.9047	10
42.1195	38.6096	5
42.1236	38.6133	7.5
42.1195	38.6096	10
45.9487	42.1196	5
44.7206	40.9939	5
45.9983	42.1651	7.5
44.7321	41.0045	7.5
43.4264	39.8075	5
43.4241	39.8054	7.5
45.9487	42.1196	10
44.7206	40.9939	10
43.4264	39.8075	10
1.53641	44.5121	5
1.59799	44.5327	7.5
3.13359	45.0445	5
2.98889	44.9963	7.5
1.53641	44.5121	10
3.13359	45.0445	10
7.00812	46.336	5
4.98266	45.6609	5
7.11578	46.3719	7.5
4.87439	45.6248	7.5
7.00812	46.336	10
4.98266	45.6609	10
8.88125	46.9604	5
9.00516	47.0017	7.5
8.88125	46.9604	10
47.0386	43.1187	5
47.0959	43.1713	7.5
47.0386	43.1187	10
48	47.46	5
48	45.5375	5
48	47.3363	7.5
48	45.3484	7.5
48	47.46	10
48	45.5375	10
12.4788	48.1596	5
10.6019	47.534	5
12.3739	48.1246	7.5
10.4752	47.4917	7.5
12.4788	48.1596	10
10.6019	47.534	10
16.3813	49.4604	5
14.5081	48.836	5
16.5052	49.5017	7.5
14.6158	48.8719	7.5
18.1019	50.034	5
17.9752	49.9917	7.5
16.3813	49.4604	10
14.5081	48.836	10
18.1019	50.034	10
22.0081	51.336	5
19.9787	50.6596	5
22.1158	51.3719	7.5
19.8739	50.6246	7.5
22.0081	51.336	10
19.9787	50.6596	10
23.8813	51.9604	5
24.0052	52.0017	7.5
23.8813	51.9604	10
48	52.24	5
48	49.7675	5
48	52.24	7.5
48	49.7434	7.5
48	52.24	10
48	49.7675	10
27.4787	53.1596	5
25.6019	52.534	5
27.3739	53.1246	7.5
25.4752	52.4917	7.5
27.4787	53.1596	10
25.6019	52.534	10
31.3813	54.4604	5
29.5081	53.836	5
31.5052	54.5017	7.5
29.6158	53.8719	7.5
33.1019	55.034	5
32.9752	54.9917	7.5
31.3813	54.4604	10
29.5081	53.836	10
33.1019	55.034	10
37.0081	56.336	5
34.9788	55.6596	5
37.1158	56.3719	7.5
34.8739	55.6246	7.5
37.0081	56.336	10
34.9788	55.6596	10
38.8812	56.9604	5
39.0052	57.0017	7.5
38.8812	56.9604	10
48	56.96	5
48	54.705	5
48	57.1175	7.5
48	54.7356	7.5
48	56.96	10
48	54.705	10
42.4788	58.1596	5
40.6019	57.534	5
42.3739	58.1246	7.5
40.4752	57.4917	7.5
42.4788	58.1596	10
40.6019	57.534	10
46.1625	59.3875	5
44.4808	58.8269	5
46.4095	59.4698	7.5
44.6124	58.8708	7.5
47.2708	59.7569	5
47.3654	59.7885	7.5
46.1625	59.3875	10
44.4808	58.8269	10
47.2708	59.7569	10
48	58.725	5
48	58.9656	7.5
48	58.725	10
0	0	5
0	0	7.5
0	0	10
0	44	5
0	44	7.5
0	44	10
48	44	5
48	44	7.5
48	44	10
48	60	5
48	60	7.5
48	60	10
4.33411	14.74	5
4.34928	17.24	7.5
4.33411	14.74	10
4.33542	19.74	5
4.34928	22.24	7.5
4.33542	19.74	10
4.33542	24.74	5
4.34928	27.24	7.5
4.33542	24.74	10
4.33542	29.74	5
4.34928	32.24	7.5
4.33542	29.74	10
4.33411	34.7384	5
4.34717	37.2366	7.5
4.33411	34.7384	10
44.9402	49.344	5
44.9402	49.344	10
45.8477	58.3673	5
45.9671	58.4353	7.5
45.8477	58.3673	10
11305
32 3 1 142 128 3 142 133 128 3 133 4 128 3 142 3 133 3 142 2 3 3 142 1 144 3 1 129 144 3 129 5 144 3 5 147 144 4 147 6 143 144 4 143 2 142 144 3 2 143 3 3 143 135 3 3 143 7 135 3 143 6 7 3 133 135 134 3 133 3 135 3 135 136 134 3 135 7 136 4 136 8 124 134 4 124 4 133 134 4 128 4 124 130 4 124 8 132 130 3 132 5 130 3 5 129 130 3 129 1 130 3 1 128 130 3 5 132 147 3 132 136 147 3 136 7 147 3 7 6 147 3 132 8 136 
12 3 407 142 397 3 142 1 397 3 407 137 142 4 137 407 409 138 4 144 142 137 138 3 1 142 144 3 129 1 144 4 129 398 397 1 3 398 144 409 3 144 138 409 3 398 129 144 4 397 398 409 407 
12 3 144 398 409 3 138 144 409 3 129 398 144 4 138 409 413 145 4 147 144 138 145 3 5 129 144 3 147 5 144 4 5 399 398 129 3 399 147 413 3 147 145 413 3 399 5 147 4 398 399 413 409 
6 4 144 138 141 143 4 146 141 138 145 4 6 143 141 146 4 6 147 144 143 4 144 147 145 138 4 145 147 6 146 
6 4 137 139 2 142 4 141 139 137 138 4 2 139 141 143 4 2 143 144 142 4 142 144 138 137 4 138 144 143 141 
30 3 2 9 643 3 9 10 643 3 10 148 643 3 148 3 643 3 3 2 643 3 2 143 9 3 143 11 9 3 143 6 11 3 9 11 644 3 11 12 644 3 12 150 644 3 150 10 644 3 10 9 644 3 148 150 149 3 148 10 150 3 150 151 149 3 150 12 151 3 151 135 149 3 151 7 135 3 135 148 149 3 135 3 148 3 143 2 3 3 135 143 3 3 7 143 135 3 6 143 7 3 6 7 645 3 7 151 645 3 151 12 645 3 12 11 645 3 11 6 645 
7 4 400 133 3 402 3 135 133 134 3 3 133 135 4 402 3 135 403 4 133 400 401 134 4 403 135 134 401 4 402 403 401 400 
7 4 135 403 401 134 3 136 135 134 3 7 135 136 4 403 135 7 405 4 134 401 404 136 4 405 7 136 404 4 401 403 405 404 
6 4 134 401 385 124 4 8 136 134 124 4 401 134 136 404 4 124 385 387 8 4 404 136 8 387 4 401 404 387 385 
6 4 384 4 133 400 4 4 124 134 133 4 400 133 134 401 4 4 384 385 124 4 401 134 124 385 4 400 401 385 384 
7 4 126 128 4 122 3 130 128 126 3 127 130 126 4 4 128 130 124 4 123 122 4 124 4 122 123 127 126 4 127 123 124 130 
7 4 123 127 130 124 3 131 130 127 3 132 130 131 4 8 124 130 132 4 125 123 124 8 4 123 125 131 127 4 131 125 8 132 
14 3 130 390 393 3 129 130 393 3 127 390 130 4 396 5 129 393 3 5 132 130 3 129 5 130 3 130 131 127 3 130 132 131 3 127 394 390 3 131 394 127 3 394 132 396 3 132 5 396 3 394 131 132 4 394 396 393 390 
14 3 392 128 388 3 128 126 388 3 392 1 128 4 393 129 1 392 3 1 129 130 3 128 1 130 3 128 130 126 3 130 127 126 3 127 390 388 3 126 127 388 3 390 130 393 3 130 129 393 3 390 127 130 4 388 390 393 392 
5 3 406 137 407 4 408 138 137 406 4 407 137 138 409 3 409 138 408 4 406 407 409 408 
5 3 397 1 392 4 398 129 1 397 4 129 393 392 1 3 393 129 398 4 392 393 398 397 
5 3 138 409 408 4 412 145 138 408 4 409 138 145 413 3 413 145 412 4 408 409 413 412 
5 3 129 393 398 4 399 5 129 398 4 5 396 393 129 3 396 5 399 4 393 396 399 398 
11 3 141 408 411 3 140 141 411 3 138 408 141 4 414 15 140 411 4 15 146 141 140 4 141 146 145 138 4 145 412 408 138 3 412 146 414 3 146 15 414 3 412 145 146 4 412 414 411 408 
22 3 13 157 139 3 157 9 139 3 9 2 139 3 157 14 9 4 157 13 140 159 4 140 15 162 159 4 162 16 158 159 4 158 14 157 159 3 14 158 9 3 158 11 9 3 158 16 11 3 143 2 9 3 11 143 9 3 6 143 11 4 139 2 143 141 4 143 6 146 141 4 146 15 140 141 4 140 13 139 141 3 15 146 162 3 146 11 162 3 11 16 162 3 146 6 11 
11 3 410 139 406 3 139 137 406 3 410 13 139 4 411 140 13 410 4 13 140 141 139 4 139 141 138 137 4 138 408 406 137 3 408 141 411 3 141 140 411 3 408 138 141 4 406 408 411 410 
29 3 9 17 646 3 17 18 646 3 18 163 646 3 163 10 646 3 10 9 646 4 9 11 19 17 3 17 19 647 3 19 20 647 3 20 165 647 3 165 18 647 3 18 17 647 3 163 165 164 3 163 18 165 3 165 166 164 3 165 20 166 3 166 150 164 3 166 12 150 3 150 163 164 3 150 10 163 3 11 9 644 3 12 11 644 3 150 12 644 3 10 150 644 3 9 10 644 3 11 12 648 3 12 166 648 3 166 20 648 3 20 19 648 3 19 11 648 
7 4 418 148 10 420 3 150 148 149 3 10 148 150 4 420 10 150 421 4 148 418 419 149 4 421 150 149 419 4 420 421 419 418 
7 4 150 421 419 149 3 151 150 149 3 12 150 151 4 421 150 12 423 4 149 419 422 151 4 423 12 151 422 4 419 421 423 422 
7 4 149 419 403 135 3 135 151 149 3 7 151 135 4 419 149 151 422 4 135 403 405 7 4 422 151 7 405 4 419 422 405 403 
7 4 402 3 148 418 3 148 135 149 3 3 135 148 4 418 148 149 419 4 3 402 403 135 4 419 149 135 403 4 418 419 403 402 
6 4 124 385 383 123 4 123 125 8 124 4 385 124 8 387 4 123 383 386 125 4 387 8 125 386 4 383 385 387 386 
6 4 382 122 4 384 4 122 123 124 4 4 384 4 124 385 4 122 382 383 123 4 385 124 123 383 4 384 385 383 382 
13 3 389 122 379 3 122 119 379 3 389 126 122 3 127 389 391 3 126 389 127 4 123 122 126 127 4 120 119 122 123 3 120 380 379 3 119 120 379 3 380 123 391 3 123 127 391 3 380 120 123 4 379 380 391 389 
13 3 123 380 391 3 127 123 391 3 120 380 123 3 127 391 395 3 131 127 395 4 125 123 127 131 4 121 120 123 125 3 120 381 380 3 121 381 120 3 381 125 395 3 125 131 395 3 381 121 125 4 380 381 395 391 
7 3 127 391 390 3 394 127 390 3 394 131 127 3 391 127 395 3 127 131 395 3 395 131 394 4 390 391 395 394 
7 3 388 126 389 3 390 127 388 3 127 126 388 3 389 127 391 3 389 126 127 3 391 127 390 4 388 389 391 390 
5 3 140 411 416 4 417 15 140 416 4 15 414 411 140 3 414 15 417 4 411 414 417 416 
11 3 425 157 415 3 157 13 415 3 425 152 157 4 152 425 427 153 4 159 157 152 153 4 13 157 159 140 4 140 416 415 13 3 416 159 427 3 159 153 427 3 416 140 159 4 415 416 427 425 
11 3 159 416 427 3 153 159 427 3 140 416 159 4 153 427 431 160 4 162 159 153 160 4 15 140 159 162 4 15 417 416 140 3 417 162 431 3 162 160 431 3 417 15 162 4 416 417 431 427 
6 4 159 153 156 158 4 161 156 153 160 4 16 158 156 161 4 16 162 159 158 4 159 162 160 153 4 160 162 16 161 
6 4 152 154 14 157 4 156 154 152 153 4 14 154 156 158 4 14 158 159 157 4 157 159 153 152 4 153 159 158 156 
10 4 14 21 17 9 3 14 158 21 3 158 22 21 3 158 16 22 4 21 22 19 17 4 11 9 17 19 3 158 14 9 3 11 158 9 3 16 158 11 4 16 11 19 22 
5 3 415 13 410 4 416 140 13 415 4 140 411 410 13 3 411 140 416 4 410 411 416 415 
29 3 17 27 649 3 27 28 649 3 28 178 649 3 178 18 649 3 18 17 649 4 17 19 29 27 3 27 29 650 3 29 30 650 3 30 180 650 3 180 28 650 3 28 27 650 3 178 180 179 3 178 28 180 3 180 181 179 3 180 30 181 3 181 165 179 3 181 20 165 3 165 178 179 3 165 18 178 3 19 17 647 3 20 19 647 3 165 20 647 3 18 165 647 3 17 18 647 3 19 20 651 3 20 181 651 3 181 30 651 3 30 29 651 3 29 19 651 
7 4 436 163 18 438 3 165 163 164 3 18 163 165 4 438 18 165 439 4 163 436 437 164 4 439 165 164 437 4 438 439 437 436 
7 4 165 439 437 164 3 166 165 164 3 20 165 166 4 439 165 20 441 4 164 437 440 166 4 441 20 166 440 4 437 439 441 440 
7 4 164 437 421 150 3 150 166 164 3 12 166 150 4 437 164 166 440 4 150 421 423 12 4 440 166 12 423 4 437 440 423 421 
7 4 420 10 163 436 3 163 150 164 3 10 150 163 4 436 163 164 437 4 10 420 421 150 4 437 164 150 421 4 436 437 421 420 
6 4 123 383 376 120 4 120 121 125 123 4 383 123 125 386 4 120 376 378 121 4 386 125 121 378 4 383 386 378 376 
6 4 374 119 122 382 4 119 120 123 122 4 382 122 123 383 4 119 374 376 120 4 383 123 120 376 4 382 383 376 374 
6 3 379 119 373 3 380 120 379 3 120 119 379 4 120 375 373 119 3 375 120 380 4 373 375 380 379 
6 3 120 375 380 3 381 120 380 3 381 121 120 4 121 377 375 120 3 377 121 381 4 375 377 381 380 
5 3 424 152 425 4 426 153 152 424 4 425 152 153 427 3 427 153 426 4 424 425 427 426 
5 3 153 427 426 4 430 160 153 426 4 427 153 160 431 3 431 160 430 4 426 427 431 430 
11 3 156 426 429 3 155 156 429 3 153 426 156 4 432 25 155 429 4 25 161 156 155 4 156 161 160 153 4 160 430 426 153 3 430 161 432 3 161 25 432 3 430 160 161 4 430 432 429 426 
22 3 23 172 154 3 172 21 154 3 21 14 154 3 172 24 21 4 172 23 155 174 4 155 25 177 174 4 177 26 173 174 4 173 24 172 174 3 24 173 21 3 173 22 21 3 173 26 22 3 158 14 21 3 22 158 21 3 16 158 22 4 154 14 158 156 4 158 16 161 156 4 161 25 155 156 4 155 23 154 156 3 25 161 177 3 161 22 177 3 22 26 177 3 161 16 22 
11 3 428 154 424 3 154 152 424 3 428 23 154 4 429 155 23 428 4 23 155 156 154 4 154 156 153 152 4 153 426 424 152 3 426 156 429 3 156 155 429 3 426 153 156 4 424 426 429 428 
6 4 21 31 27 17 4 21 22 32 31 4 31 32 29 27 4 19 17 27 29 4 22 21 17 19 4 22 19 29 32 
29 3 27 39 652 3 39 40 652 3 40 193 652 3 193 28 652 3 28 27 652 4 27 29 41 39 3 39 41 653 3 41 42 653 3 42 195 653 3 195 40 653 3 40 39 653 3 193 195 194 3 193 40 195 3 195 196 194 3 195 42 196 3 196 180 194 3 196 30 180 3 180 193 194 3 180 28 193 3 29 27 650 3 30 29 650 3 180 30 650 3 28 180 650 3 27 28 650 3 29 30 654 3 30 196 654 3 196 42 654 3 42 41 654 3 41 29 654 
7 4 454 178 28 456 3 180 178 179 3 28 178 180 4 456 28 180 457 4 178 454 455 179 4 457 180 179 455 4 456 457 455 454 
7 4 180 457 455 179 3 181 180 179 3 30 180 181 4 457 180 30 459 4 179 455 458 181 4 459 30 181 458 4 455 457 459 458 
7 4 179 455 439 165 3 165 181 179 3 20 181 165 4 455 179 181 458 4 165 439 441 20 4 458 181 20 441 4 455 458 441 439 
7 4 438 18 178 454 3 178 165 179 3 18 165 178 4 454 178 179 455 4 18 438 439 165 4 455 179 165 439 4 454 455 439 438 
6 4 120 376 632 375 4 377 121 120 375 4 376 120 121 378 4 378 121 377 633 4 632 376 378 633 4 633 377 375 632 
6 4 373 119 374 631 4 375 120 119 373 4 374 119 120 376 4 376 120 375 632 4 631 374 376 632 4 632 375 373 631 
5 3 155 429 434 4 435 25 155 434 4 25 432 429 155 3 432 25 435 4 429 432 435 434 
11 3 443 172 433 3 172 23 433 3 443 167 172 4 167 443 445 168 4 174 172 167 168 4 23 172 174 155 4 155 434 433 23 3 434 174 445 3 174 168 445 3 434 155 174 4 433 434 445 443 
11 3 174 434 445 3 168 174 445 3 155 434 174 4 168 445 449 175 4 177 174 168 175 4 25 155 174 177 4 25 435 434 155 3 435 177 449 3 177 175 449 3 435 25 177 4 434 435 449 445 
6 4 174 168 171 173 4 176 171 168 175 4 26 173 171 176 4 26 177 174 173 4 174 177 175 168 4 175 177 26 176 
6 4 167 169 24 172 4 171 169 167 168 4 24 169 171 173 4 24 173 174 172 4 172 174 168 167 4 168 174 173 171 
10 4 24 33 31 21 3 24 173 33 3 173 34 33 3 173 26 34 4 33 34 32 31 4 22 21 31 32 3 173 24 21 3 22 173 21 3 26 173 22 4 26 22 32 34 
5 3 433 23 428 4 434 155 23 433 4 155 429 428 23 3 429 155 434 4 428 429 434 433 
6 4 31 43 39 27 4 31 32 44 43 4 43 44 41 39 4 29 27 39 41 4 32 31 27 29 4 32 29 41 44 
29 3 39 53 655 3 53 54 655 3 54 214 655 3 214 40 655 3 40 39 655 4 39 41 55 53 3 53 55 656 3 55 56 656 3 56 216 656 3 216 54 656 3 54 53 656 3 214 216 215 3 214 54 216 3 216 217 215 3 216 56 217 3 217 195 215 3 217 42 195 3 195 214 215 3 195 40 214 3 41 39 653 3 42 41 653 3 195 42 653 3 40 195 653 3 39 40 653 3 41 42 657 3 42 217 657 3 217 56 657 3 56 55 657 3 55 41 657 
7 4 472 193 40 474 3 195 193 194 3 40 193 195 4 474 40 195 475 4 193 472 473 194 4 475 195 194 473 4 474 475 473 472 
7 4 195 475 473 194 3 196 195 194 3 42 195 196 4 475 195 42 477 4 194 473 476 196 4 477 42 196 476 4 473 475 477 476 
7 4 194 473 457 180 3 180 196 194 3 30 196 180 4 473 194 196 476 4 180 457 459 30 4 476 196 30 459 4 473 476 459 457 
7 4 456 28 193 472 3 193 180 194 3 28 180 193 4 472 193 194 473 4 28 456 457 180 4 473 194 180 457 4 472 473 457 456 
5 3 442 167 443 4 444 168 167 442 4 443 167 168 445 3 445 168 444 4 442 443 445 444 
5 3 168 445 444 4 448 175 168 444 4 445 168 175 449 3 449 175 448 4 444 445 449 448 
11 3 171 444 447 3 170 171 447 3 168 444 171 4 450 37 170 447 4 37 176 171 170 4 171 176 175 168 4 175 448 444 168 3 448 176 450 3 176 37 450 3 448 175 176 4 448 450 447 444 
22 3 35 187 169 3 187 33 169 3 33 24 169 3 187 36 33 4 187 35 170 189 4 170 37 192 189 4 192 38 188 189 4 188 36 187 189 3 36 188 33 3 188 34 33 3 188 38 34 3 173 24 33 3 34 173 33 3 26 173 34 4 169 24 173 171 4 173 26 176 171 4 176 37 170 171 4 170 35 169 171 3 37 176 192 3 176 34 192 3 34 38 192 3 176 26 34 
11 3 446 169 442 3 169 167 442 3 446 35 169 4 447 170 35 446 4 35 170 171 169 4 169 171 168 167 4 168 444 442 167 3 444 171 447 3 171 170 447 3 444 168 171 4 442 444 447 446 
6 4 33 45 43 31 4 33 34 46 45 4 45 46 44 43 4 32 31 43 44 4 34 33 31 32 4 34 32 44 46 
6 4 43 57 53 39 4 43 44 58 57 4 57 58 55 53 4 41 39 53 55 4 44 43 39 41 4 44 41 55 58 
26 3 53 261 54 3 261 235 54 3 261 70 235 3 53 69 261 3 53 262 69 3 53 55 262 3 55 71 262 4 261 69 262 265 4 262 71 268 265 4 268 72 237 265 4 237 70 261 265 4 235 70 237 236 4 237 72 238 236 3 238 216 236 3 238 56 216 3 216 235 236 3 216 54 235 3 55 53 656 3 56 55 656 3 216 56 656 3 54 216 656 3 53 54 656 3 55 268 71 3 55 56 268 3 56 238 268 3 238 72 268 
7 4 493 214 54 495 3 216 214 215 3 54 214 216 4 495 54 216 496 4 214 493 494 215 4 496 216 215 494 4 495 496 494 493 
7 4 216 496 494 215 3 217 216 215 3 56 216 217 4 496 216 56 498 4 215 494 497 217 4 498 56 217 497 4 494 496 498 497 
7 4 215 494 475 195 3 195 217 215 3 42 217 195 4 494 215 217 497 4 195 475 477 42 4 497 217 42 477 4 494 497 477 475 
7 4 474 40 214 493 3 214 195 215 3 40 195 214 4 493 214 215 494 4 40 474 475 195 4 494 215 195 475 4 493 494 475 474 
5 3 170 447 452 4 453 37 170 452 4 37 450 447 170 3 450 37 453 4 447 450 453 452 
11 3 461 187 451 3 187 35 451 3 461 182 187 4 182 461 463 183 4 189 187 182 183 4 35 187 189 170 4 170 452 451 35 3 452 189 463 3 189 183 463 3 452 170 189 4 451 452 463 461 
11 3 189 452 463 3 183 189 463 3 170 452 189 4 183 463 467 190 4 192 189 183 190 4 37 170 189 192 4 37 453 452 170 3 453 192 467 3 192 190 467 3 453 37 192 4 452 453 467 463 
6 4 189 183 186 188 4 191 186 183 190 4 38 188 186 191 4 38 192 189 188 4 189 192 190 183 4 190 192 38 191 
6 4 182 184 36 187 4 186 184 182 183 4 36 184 186 188 4 36 188 189 187 4 187 189 183 182 4 183 189 188 186 
10 4 36 47 45 33 3 36 188 47 3 188 48 47 3 188 38 48 4 47 48 46 45 4 34 33 45 46 3 188 36 33 3 34 188 33 3 38 188 34 4 38 34 46 48 
5 3 451 35 446 4 452 170 35 451 4 170 447 446 35 3 447 170 452 4 446 447 452 451 
6 4 45 59 57 43 4 45 46 60 59 4 59 60 58 57 4 44 43 57 58 4 46 45 43 44 4 46 44 58 60 
17 3 57 271 53 3 271 69 53 3 57 73 271 3 57 272 73 3 57 58 272 3 58 74 272 4 271 73 272 275 4 272 74 281 275 4 281 71 262 275 4 262 69 271 275 3 262 53 69 3 55 53 262 3 71 55 262 4 58 57 53 55 3 58 281 74 3 58 55 281 3 55 71 281 
6 4 69 259 260 261 4 69 262 263 259 4 259 263 264 260 4 260 264 265 261 4 69 261 265 262 4 262 265 264 263 
6 4 265 262 263 264 4 262 71 266 263 4 263 266 267 264 4 264 267 268 265 4 71 262 265 268 4 71 268 267 266 
7 4 237 265 264 257 4 267 264 265 268 4 258 257 264 267 3 258 237 257 3 72 237 258 4 72 268 265 237 4 268 72 258 267 
7 4 261 260 256 70 4 264 260 261 265 4 257 256 260 264 3 237 70 256 3 257 237 256 4 70 237 265 261 4 265 237 257 264 
6 4 511 235 70 513 4 70 235 236 237 4 513 70 237 514 4 235 511 512 236 4 514 237 236 512 4 513 514 512 511 
6 4 237 514 512 236 4 72 237 236 238 4 514 237 72 516 4 236 512 515 238 4 516 72 238 515 4 512 514 516 515 
7 4 236 512 496 216 3 216 238 236 3 56 238 216 4 512 236 238 515 4 216 496 498 56 4 515 238 56 498 4 512 515 498 496 
7 4 495 54 235 511 3 235 216 236 3 54 216 235 4 511 235 236 512 4 54 495 496 216 4 512 236 216 496 4 511 512 496 495 
5 3 460 182 461 4 462 183 182 460 4 461 182 183 463 3 463 183 462 4 460 461 463 462 
5 3 183 463 462 4 466 190 183 462 4 463 183 190 467 3 467 190 466 4 462 463 467 466 
11 3 186 462 465 3 185 186 465 3 183 462 186 4 468 51 185 465 4 51 191 186 185 4 186 191 190 183 4 190 466 462 183 3 466 191 468 3 191 51 468 3 466 190 191 4 466 468 465 462 
22 3 49 204 184 3 204 47 184 3 47 36 184 3 204 50 47 4 204 49 185 206 4 185 51 210 206 4 210 52 205 206 4 205 50 204 206 3 50 205 47 3 205 48 47 3 205 52 48 3 188 36 47 3 48 188 47 3 38 188 48 4 184 36 188 186 4 188 38 191 186 4 191 51 185 186 4 185 49 184 186 3 51 191 210 3 191 48 210 3 48 52 210 3 191 38 48 
11 3 464 184 460 3 184 182 460 3 464 49 184 4 465 185 49 464 4 49 185 186 184 4 184 186 183 182 4 183 462 460 182 3 462 186 465 3 186 185 465 3 462 183 186 4 460 462 465 464 
6 4 47 61 59 45 4 47 48 62 61 4 61 62 60 59 4 46 45 59 60 4 48 47 45 46 4 48 46 60 62 
10 4 59 75 73 57 4 59 60 76 75 3 75 272 73 3 75 76 272 3 76 74 272 3 272 57 73 3 58 57 272 3 74 58 272 4 60 59 57 58 4 60 58 74 76 
6 4 73 269 270 271 4 73 272 273 269 4 269 273 274 270 4 270 274 275 271 4 73 271 275 272 4 272 275 274 273 
6 4 275 272 273 274 4 74 279 273 272 4 273 279 280 274 4 274 280 281 275 4 74 272 275 281 4 74 281 280 279 
6 4 262 275 274 263 4 280 274 275 281 4 266 263 274 280 4 71 262 263 266 4 71 281 275 262 4 281 71 266 280 
6 4 271 270 259 69 4 274 270 271 275 4 263 259 270 274 4 262 69 259 263 4 69 262 275 271 4 275 262 263 274 
7 4 536 260 259 535 3 535 263 537 3 535 259 263 4 538 264 260 536 4 263 259 260 264 4 537 263 264 538 4 537 538 536 535 
7 4 263 537 538 264 3 537 263 539 3 263 266 539 4 540 267 264 538 4 266 263 264 267 4 539 266 267 540 4 539 540 538 537 
6 4 264 538 532 257 4 267 540 538 264 4 257 532 534 258 4 257 258 267 264 4 540 267 258 534 4 538 540 534 532 
12 3 237 530 635 3 514 237 635 3 257 530 237 3 237 258 257 3 237 72 258 4 530 257 258 533 4 237 514 516 72 3 533 72 636 3 72 516 636 3 533 258 72 4 635 530 533 636 4 636 516 514 635 
6 4 531 256 260 536 4 264 538 536 260 4 256 531 532 257 4 256 257 264 260 4 538 264 257 532 4 536 538 532 531 
12 3 513 70 634 3 70 529 634 3 70 256 529 3 70 237 256 3 237 257 256 4 529 256 257 530 4 70 513 514 237 3 530 237 635 3 237 514 635 3 530 257 237 4 634 529 530 635 4 635 514 513 634 
5 3 185 465 470 4 471 51 185 470 4 51 468 465 185 3 468 51 471 4 465 468 471 470 
11 3 479 204 469 3 204 49 469 3 479 198 204 4 198 479 481 200 4 206 204 198 200 4 49 204 206 185 4 185 470 469 49 3 470 206 481 3 206 200 481 3 470 185 206 4 469 470 481 479 
11 3 206 470 481 3 200 206 481 3 185 470 206 4 200 481 483 208 4 210 206 200 208 4 51 185 206 210 4 51 471 470 185 3 471 210 483 3 210 208 483 3 471 51 210 4 470 471 483 481 
6 4 206 200 203 205 4 209 203 200 208 4 52 205 203 209 4 52 210 206 205 4 206 210 208 200 4 208 210 52 209 
6 4 198 201 50 204 4 203 201 198 200 4 50 201 203 205 4 50 205 206 204 4 204 206 200 198 4 200 206 205 203 
10 4 50 63 61 47 3 50 205 63 3 205 64 63 3 205 52 64 4 63 64 62 61 4 48 47 61 62 3 205 50 47 3 48 205 47 3 52 205 48 4 52 48 62 64 
5 3 469 49 464 4 470 185 49 469 4 185 465 464 49 3 465 185 470 4 464 465 470 469 
6 4 61 77 75 59 4 61 62 78 77 4 77 78 76 75 4 60 59 75 76 4 62 61 59 60 4 62 60 76 78 
24 3 75 269 73 3 75 298 269 3 298 88 269 3 75 87 298 3 75 299 87 3 75 76 299 3 76 89 299 4 298 87 299 301 4 299 89 303 301 3 303 90 301 3 90 277 301 3 277 88 301 3 88 298 301 4 269 88 277 273 4 277 90 279 273 4 279 74 272 273 4 272 73 269 273 3 272 75 73 3 76 75 272 3 74 76 272 3 76 303 89 3 76 279 303 3 279 90 303 3 76 74 279 
7 4 269 88 276 270 4 88 269 273 277 4 88 277 278 276 3 276 274 270 3 276 278 274 4 273 269 270 274 4 273 274 278 277 
7 4 274 273 277 278 4 90 277 273 279 4 277 90 282 278 3 278 282 274 3 282 280 274 4 279 273 274 280 4 279 280 282 90 
13 3 274 542 537 3 263 274 537 3 278 542 274 3 282 278 274 3 280 282 274 4 542 278 282 543 3 263 537 539 3 266 263 539 4 263 266 280 274 3 543 280 539 3 280 266 539 3 543 282 280 4 542 543 539 537 
13 3 535 270 541 3 270 276 541 3 535 259 270 3 274 276 270 3 278 276 274 4 541 276 278 542 3 263 535 537 3 259 535 263 4 259 263 274 270 3 542 274 537 3 274 263 537 3 542 278 274 4 541 542 537 535 
5 3 257 532 530 4 532 257 258 534 4 257 530 533 258 3 534 258 533 4 530 532 534 533 
5 3 529 256 531 4 531 256 257 532 4 256 529 530 257 3 532 257 530 4 531 532 530 529 
7 4 478 197 198 479 3 480 199 478 3 199 197 478 4 197 199 200 198 4 479 198 200 481 4 481 200 199 480 4 478 479 481 480 
7 4 200 481 480 199 3 482 199 480 3 482 207 199 4 199 207 208 200 4 481 200 208 483 4 483 208 207 482 4 480 481 483 482 
7 4 200 199 202 203 3 199 207 202 3 207 67 202 4 67 209 203 202 4 203 209 208 200 4 207 199 200 208 4 207 208 209 67 
22 3 65 225 201 3 225 63 201 3 63 50 201 3 225 66 63 4 225 65 202 227 4 202 67 231 227 4 231 68 226 227 4 226 66 225 227 3 66 226 63 3 226 64 63 3 226 68 64 3 205 50 63 3 64 205 63 3 52 205 64 4 201 50 205 203 4 205 52 209 203 4 209 67 202 203 4 202 65 201 203 3 67 209 231 3 209 64 231 3 64 68 231 3 209 52 64 
7 4 197 65 201 198 3 197 202 65 3 197 199 202 4 65 202 203 201 4 201 203 200 198 4 199 197 198 200 4 199 200 203 202 
6 4 63 79 77 61 4 63 64 80 79 4 79 80 78 77 4 62 61 77 78 4 64 63 61 62 4 64 62 78 80 
17 3 77 306 75 3 306 87 75 3 77 91 306 3 77 307 91 3 77 78 307 3 78 92 307 4 306 91 307 310 4 307 92 313 310 4 313 89 299 310 4 299 87 306 310 3 299 75 87 3 76 75 299 3 89 76 299 4 78 77 75 76 3 78 313 92 3 78 76 313 3 76 89 313 
13 3 560 298 559 3 298 87 559 3 87 297 559 3 87 299 297 3 299 300 297 4 559 297 300 561 3 562 298 560 3 562 301 298 4 87 298 301 299 3 561 301 562 3 561 299 301 3 561 300 299 4 561 562 560 559 
13 3 301 561 562 3 299 561 301 3 300 561 299 3 299 302 300 3 299 89 302 4 561 300 302 565 3 566 303 562 3 303 301 562 4 89 299 301 303 3 565 303 566 3 565 89 303 3 565 302 89 4 565 566 562 561 
8 4 301 562 555 277 3 303 566 562 3 301 303 562 4 277 555 557 90 3 90 303 301 3 277 90 301 4 566 303 90 557 4 562 566 557 555 
8 4 553 88 298 560 3 298 562 560 3 301 562 298 4 88 553 555 277 3 88 277 301 3 298 88 301 4 562 301 277 555 4 560 562 555 553 
6 4 554 276 88 553 4 553 88 277 555 4 556 278 276 554 4 277 88 276 278 4 555 277 278 556 4 555 556 554 553 
6 4 277 555 556 278 4 555 277 90 557 4 558 282 278 556 4 90 277 278 282 4 557 90 282 558 4 557 558 556 555 
5 3 278 556 542 4 282 558 556 278 4 278 542 543 282 3 558 282 543 4 556 558 543 542 
5 3 541 276 554 4 278 556 554 276 4 276 541 542 278 3 556 278 542 4 554 556 542 541 
7 3 488 197 478 3 199 488 489 3 197 488 199 3 199 480 478 3 197 199 478 3 480 199 489 4 478 480 489 488 
7 3 199 480 489 3 199 489 492 3 207 199 492 3 199 482 480 3 207 482 199 3 482 207 492 4 480 482 492 489 
15 3 202 489 487 3 212 202 487 3 199 489 202 3 212 487 491 3 213 212 491 3 212 213 202 3 213 67 202 3 207 199 202 3 67 207 202 3 489 199 492 3 199 207 492 3 492 67 491 3 67 213 491 3 492 207 67 4 487 489 492 491 
8 4 211 219 225 65 3 221 219 211 3 212 221 211 4 227 225 219 221 4 65 225 227 202 3 202 211 65 3 212 211 202 4 212 202 227 221 
8 4 202 212 221 227 3 213 221 212 3 229 221 213 4 231 227 221 229 4 67 202 227 231 3 213 212 202 3 67 213 202 4 213 67 231 229 
6 4 227 221 224 226 4 230 224 221 229 4 68 226 224 230 4 68 231 227 226 4 227 231 229 221 4 229 231 68 230 
6 4 219 222 66 225 4 224 222 219 221 4 66 222 224 226 4 66 226 227 225 4 225 227 221 219 4 221 227 226 224 
10 4 66 81 79 63 3 66 226 81 3 226 82 81 3 226 68 82 4 81 82 80 79 4 64 63 79 80 3 226 66 63 3 64 226 63 3 68 226 64 4 68 64 80 82 
15 3 485 65 488 3 65 197 488 3 485 211 65 3 212 485 487 3 211 485 212 3 211 202 65 3 211 212 202 3 202 197 65 3 199 197 202 3 488 199 489 3 488 197 199 3 489 202 487 3 202 212 487 3 489 199 202 4 488 489 487 485 
17 3 79 316 77 3 316 91 77 3 79 93 316 3 79 317 93 3 79 80 317 3 80 94 317 4 316 93 317 320 4 317 94 326 320 4 326 92 307 320 4 307 91 316 320 3 307 77 91 3 78 77 307 3 92 78 307 4 80 79 77 78 3 80 326 94 3 80 78 326 3 78 92 326 
6 4 91 304 305 306 4 91 307 308 304 4 304 308 309 305 4 305 309 310 306 4 91 306 310 307 4 307 310 309 308 
6 4 310 307 308 309 4 307 92 311 308 4 308 311 312 309 4 309 312 313 310 4 92 307 310 313 4 92 313 312 311 
7 4 299 310 309 300 4 312 309 310 313 4 302 300 309 312 3 302 299 300 3 89 299 302 4 89 313 310 299 4 313 89 302 312 
7 4 306 305 297 87 4 309 305 306 310 4 300 297 305 309 3 299 87 297 3 300 299 297 4 87 299 310 306 4 310 299 300 309 
5 3 559 297 563 4 563 297 300 564 4 297 559 561 300 3 564 300 561 4 563 564 561 559 
5 3 300 564 561 4 564 300 302 567 4 300 561 565 302 3 567 302 565 4 561 564 567 565 
6 3 212 487 486 4 490 213 212 486 3 487 212 491 3 212 213 491 3 491 213 490 4 486 487 491 490 
13 3 499 219 484 3 219 211 484 3 499 218 219 4 500 220 218 499 3 218 221 219 3 218 220 221 3 219 221 211 3 221 212 211 4 212 486 484 211 3 486 221 500 3 221 220 500 3 486 212 221 4 484 486 500 499 
13 3 221 486 500 3 220 221 500 3 212 486 221 4 501 228 220 500 3 220 228 221 3 228 229 221 3 221 213 212 3 221 229 213 4 213 490 486 212 3 490 229 501 3 229 228 501 3 490 213 229 4 486 490 501 500 
8 4 221 220 223 224 3 220 228 223 3 228 85 223 4 85 230 224 223 4 224 230 229 221 3 228 220 221 3 229 228 221 4 228 229 230 85 
22 3 83 246 222 3 246 81 222 3 81 66 222 3 246 84 81 4 246 83 223 248 4 223 85 252 248 4 252 86 247 248 4 247 84 246 248 3 84 247 81 3 247 82 81 3 247 86 82 3 226 66 81 3 82 226 81 3 68 226 82 4 222 66 226 224 4 226 68 230 224 4 230 85 223 224 4 223 83 222 224 3 85 230 252 3 230 82 252 3 82 86 252 3 230 68 82 
8 4 218 83 222 219 3 218 223 83 3 218 220 223 4 83 223 224 222 4 222 224 221 219 3 221 218 219 3 220 218 221 4 220 221 224 223 
10 4 81 95 93 79 4 81 82 96 95 3 95 317 93 3 95 96 317 3 96 94 317 3 317 79 93 3 80 79 317 3 94 80 317 4 82 81 79 80 4 82 80 94 96 
6 3 484 211 485 4 486 212 211 484 3 485 212 487 3 485 211 212 3 487 212 486 4 484 485 487 486 
6 4 93 314 315 316 4 93 317 318 314 4 314 318 319 315 4 315 319 320 316 4 93 316 320 317 4 317 320 319 318 
6 4 320 317 318 319 4 94 324 318 317 4 318 324 325 319 4 319 325 326 320 4 94 317 320 326 4 94 326 325 324 
6 4 307 320 319 308 4 325 319 320 326 4 311 308 319 325 4 92 307 308 311 4 92 326 320 307 4 326 92 311 325 
6 4 316 315 304 91 4 319 315 316 320 4 308 304 315 319 4 307 91 304 308 4 91 307 320 316 4 320 307 308 319 
7 4 569 305 304 568 3 568 308 570 3 568 304 308 4 571 309 305 569 4 308 304 305 309 4 570 308 309 571 4 570 571 569 568 
7 4 308 570 571 309 3 570 308 572 3 308 311 572 4 573 312 309 571 4 311 308 309 312 4 572 311 312 573 4 572 573 571 570 
6 4 309 571 564 300 4 312 573 571 309 4 300 564 567 302 4 300 302 312 309 4 573 312 302 567 4 571 573 567 564 
6 4 563 297 305 569 4 309 571 569 305 4 297 563 564 300 4 297 300 309 305 4 571 309 300 564 4 569 571 564 563 
5 3 506 218 499 4 218 506 507 220 4 220 500 499 218 3 500 220 507 4 499 500 507 506 
5 3 220 500 507 4 220 507 510 228 4 228 501 500 220 3 501 228 510 4 500 501 510 507 
12 3 223 507 505 3 233 223 505 3 220 507 223 4 233 505 509 234 4 233 234 85 223 3 228 220 223 3 85 228 223 4 507 220 228 510 3 510 85 509 3 85 234 509 3 510 228 85 4 505 507 510 509 
6 4 232 240 246 83 4 242 240 232 233 4 248 246 240 242 4 83 246 248 223 4 233 232 83 223 4 233 223 248 242 
6 4 223 233 242 248 4 250 242 233 234 4 252 248 242 250 4 85 223 248 252 4 234 233 223 85 4 234 85 252 250 
6 4 248 242 245 247 4 251 245 242 250 4 86 247 245 251 4 86 252 248 247 4 248 252 250 242 4 250 252 86 251 
6 4 240 243 84 246 4 245 243 240 242 4 84 243 245 247 4 84 247 248 246 4 246 248 242 240 4 242 248 247 245 
10 4 84 97 95 81 3 84 247 97 3 247 98 97 3 247 86 98 4 97 98 96 95 4 82 81 95 96 3 247 84 81 3 82 247 81 3 86 247 82 4 86 82 96 98 
12 3 503 83 506 3 83 218 506 3 503 232 83 4 232 503 505 233 4 232 233 223 83 3 223 218 83 3 220 218 223 4 506 218 220 507 3 507 223 505 3 223 233 505 3 507 220 223 4 506 507 505 503 
24 3 95 314 93 3 95 333 314 3 333 104 314 3 95 103 333 3 95 334 103 3 95 96 334 3 96 105 334 4 333 103 334 336 4 334 105 338 336 3 338 106 336 3 106 322 336 3 322 104 336 3 104 333 336 4 314 104 322 318 4 322 106 324 318 4 324 94 317 318 4 317 93 314 318 3 317 95 93 3 96 95 317 3 94 96 317 3 96 338 105 3 96 324 338 3 324 106 338 3 96 94 324 
7 4 314 104 321 315 4 104 314 318 322 4 104 322 323 321 3 321 319 315 3 321 323 319 4 318 314 315 319 4 318 319 323 322 
7 4 319 318 322 323 4 106 322 318 324 4 322 106 327 323 3 323 327 319 3 327 325 319 4 324 318 319 325 4 324 325 327 106 
13 3 319 575 570 3 308 319 570 3 323 575 319 3 327 323 319 3 325 327 319 4 575 323 327 576 3 308 570 572 3 311 308 572 4 308 311 325 319 3 576 325 572 3 325 311 572 3 576 327 325 4 575 576 572 570 
13 3 568 315 574 3 315 321 574 3 568 304 315 3 319 321 315 3 323 321 319 4 574 321 323 575 3 308 568 570 3 304 568 308 4 304 308 319 315 3 575 319 570 3 319 308 570 3 575 323 319 4 574 575 570 568 
5 3 233 505 504 4 508 234 233 504 4 505 233 234 509 3 509 234 508 4 504 505 509 508 
11 3 517 240 502 3 240 232 502 3 517 239 240 4 518 241 239 517 4 239 241 242 240 4 240 242 233 232 4 233 504 502 232 3 504 242 518 3 242 241 518 3 504 233 242 4 502 504 518 517 
11 3 242 504 518 3 241 242 518 3 233 504 242 4 519 249 241 518 4 241 249 250 242 4 242 250 234 233 4 234 508 504 233 3 508 250 519 3 250 249 519 3 508 234 250 4 504 508 519 518 
6 4 242 241 244 245 4 241 249 101 244 4 101 251 245 244 4 245 251 250 242 4 249 241 242 250 4 249 250 251 101 
22 3 99 290 243 3 290 97 243 3 97 84 243 3 290 100 97 4 290 99 244 292 4 244 101 296 292 4 296 102 291 292 4 291 100 290 292 3 100 291 97 3 291 98 97 3 291 102 98 3 247 84 97 3 98 247 97 3 86 247 98 4 243 84 247 245 4 247 86 251 245 4 251 101 244 245 4 244 99 243 245 3 101 251 296 3 251 98 296 3 98 102 296 3 251 86 98 
6 4 239 99 243 240 4 239 241 244 99 4 99 244 245 243 4 243 245 242 240 4 241 239 240 242 4 241 242 245 244 
17 3 97 341 95 3 341 103 95 3 97 107 341 3 97 342 107 3 97 98 342 3 98 108 342 4 341 107 342 345 4 342 108 348 345 4 348 105 334 345 4 334 103 341 345 3 334 95 103 3 96 95 334 3 105 96 334 4 98 97 95 96 3 98 348 108 3 98 96 348 3 96 105 348 
5 3 502 232 503 4 504 233 232 502 4 503 232 233 505 3 505 233 504 4 502 503 505 504 
13 3 590 333 589 3 333 103 589 3 103 332 589 3 103 334 332 3 334 335 332 4 589 332 335 591 3 592 333 590 3 592 336 333 4 103 333 336 334 3 591 336 592 3 591 334 336 3 591 335 334 4 591 592 590 589 
13 3 336 591 592 3 334 591 336 3 335 591 334 3 334 337 335 3 334 105 337 4 591 335 337 595 3 596 338 592 3 338 336 592 4 105 334 336 338 3 595 338 596 3 595 105 338 3 595 337 105 4 595 596 592 591 
8 4 336 592 585 322 3 338 596 592 3 336 338 592 4 322 585 587 106 3 106 338 336 3 322 106 336 4 596 338 106 587 4 592 596 587 585 
8 4 583 104 333 590 3 333 592 590 3 336 592 333 4 104 583 585 322 3 104 322 336 3 333 104 336 4 592 336 322 585 4 590 592 585 583 
6 4 584 321 104 583 4 583 104 322 585 4 586 323 321 584 4 322 104 321 323 4 585 322 323 586 4 585 586 584 583 
6 4 322 585 586 323 4 585 322 106 587 4 588 327 323 586 4 106 322 323 327 4 587 106 327 588 4 587 588 586 585 
5 3 323 586 575 4 327 588 586 323 4 323 575 576 327 3 588 327 576 4 586 588 576 575 
5 3 574 321 584 4 323 586 584 321 4 321 574 575 323 3 586 323 575 4 584 586 575 574 
5 3 524 239 517 4 239 524 525 241 4 241 518 517 239 3 518 241 525 4 517 518 525 524 
5 3 241 518 525 4 241 525 528 249 4 249 519 518 241 3 519 249 528 4 518 519 528 525 
11 3 244 525 523 3 254 244 523 3 241 525 244 4 254 523 527 255 4 254 255 101 244 4 249 241 244 101 4 525 241 249 528 3 528 101 527 3 101 255 527 3 528 249 101 4 523 525 528 527 
6 4 253 284 290 99 4 286 284 253 254 4 292 290 284 286 4 99 290 292 244 4 254 253 99 244 4 254 244 292 286 
6 4 244 254 286 292 4 294 286 254 255 4 296 292 286 294 4 101 244 292 296 4 255 254 244 101 4 255 101 296 294 
6 4 292 286 289 291 4 295 289 286 294 4 102 291 289 295 4 102 296 292 291 4 292 296 294 286 4 294 296 102 295 
6 4 284 287 100 290 4 289 287 284 286 4 100 287 289 291 4 100 291 292 290 4 290 292 286 284 4 286 292 291 289 
20 3 100 351 97 3 351 107 97 3 100 109 351 3 100 291 109 3 291 352 109 3 291 102 352 3 102 110 352 4 351 109 352 355 4 352 110 361 355 4 361 108 342 355 4 342 107 351 355 3 342 97 107 3 98 97 342 3 108 98 342 3 291 100 97 3 98 291 97 3 102 291 98 3 102 361 110 3 102 98 361 3 98 108 361 
11 3 521 99 524 3 99 239 524 3 521 253 99 4 253 521 523 254 4 253 254 244 99 4 241 239 99 244 4 524 239 241 525 3 525 244 523 3 244 254 523 3 525 241 244 4 524 525 523 521 
6 4 107 339 340 341 4 107 342 343 339 4 339 343 344 340 4 340 344 345 341 4 107 341 345 342 4 342 345 344 343 
6 4 345 342 343 344 4 342 108 346 343 4 343 346 347 344 4 344 347 348 345 4 108 342 345 348 4 108 348 347 346 
7 4 334 345 344 335 4 347 344 345 348 4 337 335 344 347 3 337 334 335 3 105 334 337 4 105 348 345 334 4 348 105 337 347 
7 4 341 340 332 103 4 344 340 341 345 4 335 332 340 344 3 334 103 332 3 335 334 332 4 103 334 345 341 4 345 334 335 344 
5 3 589 332 593 4 593 332 335 594 4 332 589 591 335 3 594 335 591 4 593 594 591 589 
5 3 335 594 591 4 594 335 337 597 4 335 591 595 337 3 597 337 595 4 591 594 597 595 
6 3 254 523 522 3 526 254 522 3 526 255 254 4 523 254 255 527 3 527 255 526 4 522 523 527 526 
13 3 544 284 520 3 284 253 520 3 544 283 284 4 545 285 283 544 3 283 286 284 3 283 285 286 4 284 286 254 253 3 254 522 520 3 253 254 520 3 522 286 545 3 286 285 545 3 522 254 286 4 520 522 545 544 
13 3 286 522 545 3 285 286 545 3 254 522 286 4 546 293 285 545 3 285 293 286 3 293 294 286 4 286 294 255 254 3 254 526 522 3 255 526 254 3 526 294 546 3 294 293 546 3 526 255 294 4 522 526 546 545 
7 4 286 285 288 289 4 285 293 113 288 4 113 295 289 288 4 289 295 294 286 3 293 285 286 3 294 293 286 4 293 294 295 113 
30 3 111 328 658 3 328 112 658 3 112 109 658 3 109 100 658 3 100 287 658 3 287 111 658 4 328 111 288 330 4 288 113 331 330 3 331 329 330 3 331 114 329 3 329 328 330 3 329 112 328 3 112 352 109 3 112 329 352 3 329 114 352 3 114 110 352 3 291 100 109 3 352 291 109 3 102 291 352 3 110 102 352 4 287 100 291 289 4 291 102 295 289 4 295 113 288 289 4 288 111 287 289 3 113 295 659 3 295 102 659 3 102 110 659 3 110 114 659 3 114 331 659 3 331 113 659 
7 4 283 111 287 284 4 283 285 288 111 4 111 288 289 287 4 287 289 286 284 3 286 283 284 3 285 283 286 4 285 286 289 288 
6 4 109 349 350 351 4 109 352 353 349 4 349 353 354 350 4 350 354 355 351 4 109 351 355 352 4 352 355 354 353 
6 4 355 352 353 354 4 110 359 353 352 4 353 359 360 354 4 354 360 361 355 4 110 352 355 361 4 110 361 360 359 
6 4 342 355 354 343 4 360 354 355 361 4 346 343 354 360 4 108 342 343 346 4 108 361 355 342 4 361 108 346 360 
6 4 351 350 339 107 4 354 350 351 355 4 343 339 350 354 4 342 107 339 343 4 107 342 355 351 4 355 342 343 354 
6 3 520 253 521 3 522 254 520 3 254 253 520 4 521 253 254 523 3 523 254 522 4 520 521 523 522 
7 4 599 340 339 598 3 598 343 600 3 598 339 343 4 601 344 340 599 4 343 339 340 344 4 600 343 344 601 4 600 601 599 598 
7 4 343 600 601 344 3 600 343 602 3 343 346 602 4 603 347 344 601 4 346 343 344 347 4 602 346 347 603 4 602 603 601 600 
6 4 344 601 594 335 4 347 603 601 344 4 335 594 597 337 4 335 337 347 344 4 603 347 337 597 4 601 603 597 594 
6 4 593 332 340 599 4 344 601 599 340 4 332 593 594 335 4 332 335 344 340 4 601 344 335 594 4 599 601 594 593 
7 4 548 283 544 637 3 285 548 550 3 283 548 285 4 285 545 544 283 4 545 285 550 638 4 638 550 548 637 4 637 544 545 638 
7 4 285 545 638 550 3 285 550 552 3 293 285 552 4 293 546 545 285 4 546 293 552 639 4 639 552 550 638 4 638 545 546 639 
8 4 285 550 549 288 3 551 288 549 3 551 113 288 4 293 285 288 113 3 550 285 552 3 285 293 552 4 552 293 113 551 4 549 550 552 551 
7 4 578 328 111 547 4 328 578 580 330 4 111 328 330 288 3 288 549 547 3 111 288 547 4 549 288 330 580 4 547 549 580 578 
7 4 288 549 580 330 4 330 580 582 331 4 113 288 330 331 3 288 551 549 3 113 551 288 4 551 113 331 582 4 549 551 582 580 
7 4 330 580 579 329 4 581 114 329 579 3 329 331 330 3 114 331 329 4 580 330 331 582 4 582 331 114 581 4 579 580 582 581 
7 4 577 112 328 578 4 579 329 112 577 3 328 329 330 3 112 329 328 4 578 328 330 580 4 580 330 329 579 4 577 578 580 579 
32 3 112 349 109 3 112 363 349 3 363 368 349 3 368 116 349 3 363 115 368 3 363 329 365 3 363 112 329 3 329 366 365 3 329 114 366 4 366 117 364 365 4 364 115 363 365 3 368 115 370 3 115 364 370 3 364 117 370 3 117 372 370 3 372 357 370 3 372 118 357 3 357 368 370 3 357 116 368 4 349 116 357 353 4 357 118 359 353 4 359 110 352 353 4 352 109 349 353 3 352 112 109 3 329 112 352 3 114 329 352 3 110 114 352 3 114 359 366 3 359 372 366 3 372 117 366 3 359 118 372 3 114 110 359 
8 4 547 111 283 548 3 549 288 547 3 288 111 547 4 285 283 111 288 3 548 285 550 3 548 283 285 4 550 285 288 549 4 547 548 550 549 
7 4 349 116 356 350 4 116 349 353 357 4 116 357 358 356 3 356 354 350 3 356 358 354 4 353 349 350 354 4 353 354 358 357 
7 4 354 353 357 358 4 118 357 353 359 4 357 118 362 358 3 358 362 354 3 362 360 354 4 359 353 354 360 4 359 360 362 118 
13 3 354 605 600 3 343 354 600 3 358 605 354 3 362 358 354 3 360 362 354 4 605 358 362 606 3 343 600 602 3 346 343 602 4 343 346 360 354 3 606 360 602 3 360 346 602 3 606 362 360 4 605 606 602 600 
13 3 598 350 604 3 350 356 604 3 598 339 350 3 354 356 350 3 358 356 354 4 604 356 358 605 3 343 598 600 3 339 598 343 4 339 343 354 350 3 605 354 600 3 354 343 600 3 605 358 354 4 604 605 600 598 
7 4 329 579 610 365 4 365 610 612 366 3 366 329 365 3 114 329 366 4 114 581 579 329 4 581 114 366 612 4 579 581 612 610 
7 4 608 363 112 577 4 363 608 610 365 3 329 363 365 3 112 363 329 4 329 579 577 112 4 579 329 365 610 4 577 579 610 608 
7 4 365 610 609 364 3 611 364 609 3 611 117 364 4 117 366 365 364 4 610 365 366 612 4 612 366 117 611 4 609 610 612 611 
7 4 607 115 363 608 3 609 364 607 3 364 115 607 4 115 364 365 363 4 608 363 365 610 4 610 365 364 609 4 607 608 610 609 
17 3 620 368 660 3 368 115 660 3 115 367 660 3 367 619 660 3 619 620 660 4 115 364 369 367 4 619 367 369 621 3 622 368 620 3 622 370 368 3 115 368 370 3 364 115 370 3 621 369 661 3 369 364 661 3 364 370 661 3 370 622 661 3 622 621 661 4 621 622 620 619 
17 3 369 621 661 3 364 369 661 3 370 364 661 3 622 370 661 3 621 622 661 4 364 117 371 369 4 621 369 371 625 3 626 372 622 3 372 370 622 3 117 364 370 3 372 117 370 3 625 371 662 3 371 117 662 3 117 372 662 3 372 626 662 3 626 625 662 4 625 626 622 621 
8 4 370 622 615 357 3 372 626 622 3 370 372 622 4 357 615 617 118 3 357 372 370 3 118 372 357 4 626 372 118 617 4 622 626 617 615 
8 4 613 116 368 620 3 368 622 620 3 370 622 368 4 116 613 615 357 3 368 357 370 3 116 357 368 4 622 370 357 615 4 620 622 615 613 
6 4 614 356 116 613 4 613 116 357 615 4 616 358 356 614 4 357 116 356 358 4 615 357 358 616 4 615 616 614 613 
6 4 357 615 616 358 4 615 357 118 617 4 618 362 358 616 4 118 357 358 362 4 617 118 362 618 4 617 618 616 615 
5 3 358 616 605 4 362 618 616 358 4 358 605 606 362 3 618 362 606 4 616 618 606 605 
5 3 604 356 614 4 358 616 614 356 4 356 604 605 358 3 616 358 605 4 614 616 605 604 
7 4 364 609 629 369 4 369 629 630 371 4 117 364 369 371 3 364 611 609 3 117 611 364 4 611 117 371 630 4 609 611 630 629 
7 4 628 367 115 607 4 367 628 629 369 4 364 115 367 369 3 364 609 607 3 115 364 607 4 609 364 369 629 4 607 609 629 628 
5 3 619 367 623 4 623 367 369 624 4 367 619 621 369 3 624 369 621 4 623 624 621 619 
5 3 369 624 621 4 624 369 371 627 4 369 621 625 371 3 627 371 625 4 621 624 627 625 
6 4 369 629 641 624 4 369 624 627 371 4 629 369 371 630 4 630 371 627 642 4 641 629 630 642 4 642 627 624 641 
6 4 623 367 628 640 4 367 623 624 369 4 628 367 369 629 4 629 369 624 641 4 640 628 629 641 4 641 624 623 640 
4.6332	9.43921	7.5
8.24503	8.73196	6.25
8.24503	8.73196	8.75
8.41465	11.0736	8.75
8.41465	11.0736	6.25
4.05747	14.74	7.5
0.990591	10.99	6.25
0.990591	10.99	8.75
0.979931	8.4923	8.75
0.979931	8.4923	6.25
3.37426	6.12648	6.25
3.37426	6.12648	8.75
5.68144	6.2919	8.75
5.68144	6.2919	6.25
9.90938	9.56686	6.25
7.31823	7.15041	6.25
9.90938	9.56686	8.75
7.31823	7.15041	8.75
10.809	11.1734	8.75
10.2848	14.2046	7.5
10.809	11.1734	6.25
3.88762	19.74	7.5
0.998661	15.99	6.25
0.998661	15.99	8.75
0.998155	13.49	8.75
0.998155	13.49	6.25
1.10729	6.02646	8.75
1.10729	6.02646	6.25
3.11499	3.87671	6.25
3.11499	3.87671	8.75
4.72846	4.73698	8.75
4.72846	4.73698	6.25
12.5005	11.9833	8.75
13.3729	13.6148	6.25
13.3729	13.6148	8.75
13.4377	16.0524	8.75
13.4377	16.0524	6.25
10.0278	19.4622	7.5
12.5005	11.9833	6.25
3.88762	24.74	7.5
0.998661	20.99	6.25
0.998661	20.99	8.75
0.998661	18.49	8.75
0.998661	18.49	6.25
1.00051	3.66865	8.75
1.00051	3.66865	6.25
2.12449	2.30056	6.25
2.12449	2.30056	8.75
15.0917	14.3998	6.25
15.0917	14.3998	8.75
15.9368	16.0562	8.75
15.3015	19.1893	7.5
15.9368	16.0562	6.25
9.75	24.74	7.5
3.88762	29.74	7.5
0.998661	25.99	6.25
0.998661	25.99	8.75
0.998661	23.49	8.75
0.998661	23.49	6.25
0.85175	1.63156	8.75
0.85175	1.63156	6.25
17.6828	16.8162	8.75
18.5007	18.4976	6.25
18.5007	18.4976	8.75
18.4608	21.0313	8.75
18.4608	21.0313	6.25
15.0278	24.4622	7.5
17.6828	16.8162	6.25
9.75	29.74	7.5
3.88672	34.7385	7.5
0.998661	30.99	6.25
0.998661	30.99	8.75
0.998661	28.49	8.75
0.998661	28.49	6.25
20.274	19.2327	6.25
20.274	19.2327	8.75
21.0646	20.939	8.75
20.3182	24.174	7.5
21.0646	20.939	6.25
14.75	29.74	7.5
9.75	34.74	7.5
4.11477	40.126	7.5
0.998155	35.987	6.25
0.998155	35.987	8.75
0.998661	33.4899	8.75
0.998661	33.4899	6.25
22.8651	21.6491	8.75
23.6286	23.3804	6.25
23.6286	23.3804	8.75
23.4839	26.0101	8.75
23.4839	26.0101	6.25
20.0278	29.4622	7.5
22.8651	21.6491	6.25
14.75	34.74	7.5
9.75	40.7015	7.5
6.01681	43.3314	6.25
6.01681	43.3314	8.75
3.67447	43.2183	8.75
3.67447	43.2183	6.25
0.997184	40.8588	6.25
0.997184	40.8588	8.75
0.991582	38.4618	8.75
0.991582	38.4618	6.25
25.4563	24.0656	6.25
25.4563	24.0656	8.75
26.1915	25.8209	8.75
25.3343	29.1581	7.5
26.1915	25.8209	6.25
19.75	34.74	7.5
14.4722	40.0178	7.5
11	43.49	6.25
11	43.49	8.75
8.4917	43.4339	8.75
8.4917	43.4339	6.25
6.01443	45.2106	6.25
6.01443	45.2106	8.75
3.9101	44.7961	8.75
1.33293	43.354	8.75
3.9101	44.7961	6.25
1.33293	43.354	6.25
28.0417	26.4768	8.75
28.7544	28.2906	6.25
28.7544	28.2906	8.75
28.5173	31.0348	8.75
28.5173	31.0348	6.25
25.0278	34.4622	7.5
28.0417	26.4768	6.25
19.75	39.74	7.5
14.1712	45.3349	7.5
11.1515	45.7693	6.25
11.1515	45.7693	8.75
8.64677	45.8571	8.75
8.64677	45.8571	6.25
2.47621	44.578	8.75
2.47621	44.578	6.25
30.9137	29.2551	6.25
30.9137	29.2551	8.75
30.9009	31.1551	8.75
30.3382	34.1518	7.5
30.9009	31.1551	6.25
24.75	39.74	7.5
19.75	45.7015	7.5
16.1444	48.4766	6.25
16.1444	48.4766	8.75
13.5093	47.8788	8.75
13.5093	47.8788	6.25
11.3927	47.3131	6.25
11.3927	47.3131	8.75
9.91454	47.063	8.75
9.91454	47.063	6.25
32.1441	29.8271	6.25
32.1441	29.8271	8.75
33.1206	31.3536	8.75
33.3916	33.5948	6.25
33.3916	33.5948	8.75
33.5	35.99	8.75
33.5	35.99	6.25
30.0278	39.4622	7.5
33.1206	31.3536	6.25
24.75	45.7015	7.5
21.0155	48.331	6.25
21.0155	48.331	8.75
18.6519	48.2501	8.75
18.6519	48.2501	6.25
17.4146	49.5618	6.25
17.4146	49.5618	8.75
34.7272	32.2341	8.75
35.6811	33.7906	6.25
35.6811	33.7906	8.75
35.9031	36.0842	8.75
35.3382	39.1518	7.5
35.9031	36.0842	6.25
29.4722	45.0178	7.5
34.7272	32.2341	6.25
26	48.49	6.25
26	48.49	8.75
23.4916	48.4338	8.75
23.4916	48.4338	6.25
21.0126	50.2101	6.25
21.0126	50.2101	8.75
18.8931	49.7938	8.75
18.8931	49.7938	6.25
37.3182	34.6504	6.25
37.3182	34.6504	8.75
38.245	36.232	8.75
38.4147	38.5736	6.25
38.4147	38.5736	8.75
38.5	40.99	8.75
38.5	40.99	6.25
35.0278	44.4622	7.5
38.245	36.232	6.25
29.1712	50.3349	7.5
26.1515	50.7693	6.25
26.1515	50.7693	8.75
23.6467	50.8571	8.75
23.6467	50.8571	6.25
39.9094	37.0669	8.75
40.809	38.6734	6.25
40.809	38.6734	8.75
40.9262	41.063	8.75
40.3382	44.1518	7.5
40.9262	41.063	6.25
34.75	50.7015	7.5
39.9094	37.0669	6.25
31.1444	53.4766	6.25
31.1444	53.4766	8.75
28.5093	52.8788	8.75
28.5093	52.8788	6.25
26.3927	52.3131	6.25
26.3927	52.3131	8.75
24.9145	52.063	8.75
24.9145	52.063	6.25
42.5005	39.4833	6.25
42.5005	39.4833	8.75
43.3681	41.1104	8.75
43.4335	43.5486	6.25
43.4335	43.5486	8.75
43.5	45.99	8.75
43.5	45.99	6.25
39.9286	50.4543	7.5
43.3681	41.1104	6.25
36.0155	53.331	6.25
36.0155	53.331	8.75
33.6519	53.2501	8.75
33.6519	53.2501	6.25
32.4146	54.5618	6.25
32.4146	54.5618	8.75
45.0613	41.872	8.75
45.8172	43.5158	6.25
45.8172	43.5158	8.75
45.7929	46.0937	8.75
44.9951	49.3407	7.5
45.7929	46.0937	6.25
41	53.49	6.25
41	53.49	8.75
38.4916	53.4338	8.75
38.4916	53.4338	6.25
45.0613	41.872	6.25
36.0126	55.2101	6.25
36.0126	55.2101	8.75
33.8931	54.7938	8.75
33.8931	54.7938	6.25
47.4696	44.4163	6.25
47.4696	44.4163	8.75
47.4179	46.3089	8.75
47.5401	48.5563	6.25
47.5401	48.5563	8.75
47.52	50.9973	8.75
47.52	50.9973	6.25
44.6108	55.0828	7.5
47.4179	46.3089	6.25
41.1506	55.7692	6.25
41.1506	55.7692	8.75
38.6467	55.8571	8.75
38.6467	55.8571	6.25
47.5206	53.4807	8.75
47.5206	53.4807	6.25
47.5488	55.9077	8.75
47.5488	55.9077	6.25
45.9074	58.4013	6.25
45.9074	58.4013	8.75
43.4893	57.8742	8.75
43.4893	57.8742	6.25
41.3918	57.3129	6.25
41.3918	57.3129	8.75
39.9145	57.063	8.75
39.9145	57.063	6.25
47.5152	58.0021	8.75
47.5152	58.0021	6.25
46.924	59.3923	6.25
46.924	59.3923	8.75
47.6215	59.3984	8.75
47.6215	59.3984	6.25
0
0
0
0
0
0
0
0
0
0
0
0
0
0
0
0
0
0
0
0
0
0
0
0
0
0
0
0
0
0
0
0
0
0
0
0
0
0
0
0
0
0
0
0
0
0
0
0
0
0
0
0
0
0
0
0
0
0
0
0
0
0
0
0
0
0
0
0
0
0
0
0
0
0
0
0
0
0
0
0
0
0
0
0
0
0
0
0
0
0
0
0
0
0
0
0
0
0
0
0
0
0
0
0
0
0
0
0
0
0
0
0
0
0
0
0
0
0
0
0
0
0
0
0
0
0
0
0
0
0
0
0
0
0
0
0
0
0
0
0
0
0
0
0
0
0
0
0
0
0
0
0
0
0
0
0
0
0
0
0
0
0
0
0
0
0
0
0
0
0
0
0
0
0
0
0
0
0
0
0
0
0
0
0
0
0
0
0
0
0
0
0
0
0
0
0
0
0
0
0
0
0
0
0
0
0
0
0
0
0
0
0
0
0
0
0
0
0
0
0
0
0
0
0
0
0
0
0
0
0
0
0
0
0
0
0
0
0
0
0
0
0
0
0
0
0
0
0
0
0
0
0
0
0
0
0
0
0
0
0
0
0
0
0
0
0
0
0
0
0
0
0
0
