This file format is designed for importing mesh result into sbfem3d project. It is created by Yan LIU (liuyan0411@gmail.com)
831 457
130	100	100
130	110	100
120	110	100
120	100	100
130	100	110
130	110	110
120	110	110
120	100	110
140	100	100
140	110	100
140	100	110
140	110	110
149.991	100	100
149.014	109.809	99.9966
149.022	100	109.817
130	120	100
120	120	100
130	120	110
120	120	110
140	120	100
140	120	110
110	120	100
110	130	100
100	130	100
100	120	100
110	120	110
110	130	110
100	130	110
100	120	110
120	130	100
120	130	110
130	130	100
130	130	110
139.989	129.992	100
139.207	129.419	109.816
110	140	100
100	140	100
110	140	110
100	140	110
120	140	100
120	140	110
129.993	139.991	100
129.414	139.212	109.799
109.799	149.018	100.002
99.9998	149.986	100
99.9896	149.019	109.799
130	100	120
130	110	120
120	110	120
120	100	120
140	100	120
140	110	120
130	120	120
120	120	120
140.833	120.399	120.398
110	120	120
110	130	120
100	130	120
100	120	120
120	130	120
130	130	120
110	140	120
100	140	120
120.404	140.819	120.406
110	100	120
110	110	120
100	110	120
100	100	120
110	100	130
110	110	130
100	110	130
100	100	130
120	100	130
120	110	130
130	100	130
130	110	130
139.998	100	129.998
139.221	109.791	129.411
110	120	130
100	120	130
120	120	130
130	120	130
110	130	130
100	130	130
120	130	130
109.811	139.212	129.409
100	139.99	129.992
110	100	140
110	110	140
100	110	140
100	100	140
120	100	140
120	110	140
129.995	100	139.993
129.407	109.793	139.228
110	120	140
100	120	140
120.407	120.403	140.82
109.811	129.41	139.218
99.9999	129.995	139.993
109.8	100.02	149.022
100.015	109.803	149.021
100	100	150
120	105	100
115	105	100
115	100	100
120	100	105
120	105	105
115	105	105
115	100	105
115	110	100
120	110	105
115	110	105
120	105	110
115	105	110
115	100	110
115	110	110
110	115	100
105	120	100
105	115	100
110	115	105
110	120	105
105	120	105
105	115	105
100	115	100
100	120	105
100	115	105
110	115	110
105	120	110
105	115	110
100	115	110
110	100	115
110	105	115
105	105	115
105	100	115
110	105	120
105	105	120
105	100	120
110	110	115
105	110	115
105	110	120
100	110	115
100	105	115
100	105	120
100	100	115
110	107.5	100
110	110	100
107.5	110	100
107.5	107.5	100
110	107.5	102.5
110	110	102.5
107.5	110	102.5
107.5	107.5	102.5
110	107.5	105
110	110	105
107.5	110	105
107.5	107.5	105
110	100	107.5
110	102.5	107.5
107.5	102.5	107.5
107.5	100	107.5
110	100	110
110	102.5	110
107.5	102.5	110
107.5	100	110
110	105	107.5
107.5	105	107.5
110	105	110
107.5	105	110
110	107.5	107.5
110	110	107.5
107.5	110	107.5
107.5	107.5	107.5
105	110	105
105	107.5	105
105	110	107.5
105	107.5	107.5
110	107.5	110
107.5	107.5	110
110	110	110
107.5	110	110
105	110	110
105	107.5	110
105	105	107.5
105	105	110
102.5	110	107.5
102.5	107.5	107.5
102.5	110	110
102.5	107.5	110
100	110	107.5
100	107.5	107.5
100	110	110
100	107.5	110
115	102.5	100
112.5	102.5	100
112.5	100	100
115	100	102.5
115	102.5	102.5
112.5	102.5	102.5
112.5	100	102.5
112.5	105	100
115	105	102.5
112.5	105	102.5
110	105	100
110	102.5	100
110	105	102.5
110	102.5	102.5
115	102.5	105
112.5	102.5	105
112.5	100	105
112.5	105	105
110	105	105
110	102.5	105
110	100	102.5
110	100	105
105	110	100
105	112.5	100
102.5	112.5	100
102.5	110	100
105	110	102.5
105	112.5	102.5
102.5	112.5	102.5
102.5	110	102.5
102.5	115	100
105	115	102.5
102.5	115	102.5
100	112.5	100
100	115	102.5
100	112.5	102.5
105	112.5	105
102.5	112.5	105
102.5	110	105
102.5	115	105
100	112.5	105
100	110	102.5
100	110	105
105	100	110
105	102.5	110
102.5	102.5	110
102.5	100	110
105	100	112.5
105	102.5	112.5
102.5	102.5	112.5
102.5	100	112.5
102.5	105	110
105	105	112.5
102.5	105	112.5
100	105	110
100	102.5	110
100	105	112.5
100	102.5	112.5
105	102.5	115
102.5	102.5	115
102.5	100	115
102.5	105	115
100	102.5	115
100	100	112.5
110	100	100
109.914	101.239	100
109.914	100	101.239
109.831	101.229	101.229
110	102.5	101.25
110	101.25	102.5
110	103.75	100
110	103.75	101.25
108.677	104.957	100
110	105	101.25
108.605	104.913	101.229
110	103.75	102.5
108.885	103.803	102.543
108.75	105	102.5
110	100	103.75
110	101.25	103.75
110	102.5	103.75
108.878	102.538	103.802
110	101.25	105
108.608	101.232	104.915
108.677	100	104.957
108.75	102.5	105
110	103.75	103.75
108.75	103.75	103.75
110	105	103.75
108.75	105	103.75
110	103.75	105
108.75	103.75	105
108.75	105	105
107.5	105	105
110	106.25	100
108.75	106.25	100
110	106.25	101.25
108.75	106.25	101.25
108.75	107.5	100
110	107.5	101.25
108.75	107.5	101.25
107.5	107.5	101.25
107.607	106.34	101.267
110	106.25	102.5
108.75	106.25	102.5
108.75	107.5	102.5
107.437	106.196	102.475
107.5	108.75	100
106.25	108.75	100
107.5	108.75	101.25
106.25	108.75	101.25
106.34	107.607	101.267
106.25	110	100
107.5	110	101.25
106.25	110	101.25
104.957	108.677	100
105	110	101.25
104.913	108.605	101.229
107.5	108.75	102.5
106.25	108.75	102.5
106.196	107.437	102.475
106.25	110	102.5
105	108.75	102.5
110	106.25	103.75
108.75	106.25	103.75
110	107.5	103.75
108.75	107.5	103.75
107.5	107.5	103.75
107.5	106.25	103.75
110	106.25	105
108.75	106.25	105
108.75	107.5	105
107.5	106.25	105
107.5	108.75	103.75
106.25	108.75	103.75
106.25	107.5	103.75
107.5	110	103.75
106.25	110	103.75
105	110	103.75
105	108.75	103.75
107.5	108.75	105
106.25	108.75	105
106.25	107.5	105
106.25	110	105
105	108.75	105
106.25	106.25	105
103.75	110	100
103.75	110	101.25
102.5	110	101.25
103.803	108.885	102.543
103.75	110	102.5
101.239	109.914	100
101.229	109.831	101.229
100	110	100
100	109.914	101.239
101.25	110	102.5
103.75	108.75	103.75
103.75	110	103.75
102.5	110	103.75
102.538	108.878	103.802
103.75	108.75	105
103.75	110	105
102.5	108.75	105
101.25	110	103.75
100	110	103.75
101.232	108.608	104.915
101.25	110	105
100	108.677	104.957
110	100	106.25
110	101.25	106.25
108.75	101.25	106.25
108.75	100	106.25
110	102.5	106.25
108.75	102.5	106.25
107.44	102.482	106.197
107.614	101.264	106.347
110	101.25	107.5
108.75	101.25	107.5
108.75	100	107.5
108.75	102.5	107.5
107.5	101.25	107.5
110	103.75	106.25
108.75	103.75	106.25
110	105	106.25
108.75	105	106.25
107.5	105	106.25
107.5	103.75	106.25
110	103.75	107.5
108.75	103.75	107.5
108.75	105	107.5
107.5	103.75	107.5
106.25	105	106.25
106.25	103.75	107.5
106.198	102.48	107.435
106.25	105	107.5
106.342	101.269	107.611
107.5	102.5	108.75
107.5	103.75	108.75
106.25	103.75	108.75
106.25	102.5	108.75
107.5	105	108.75
106.25	105	108.75
105	105	108.75
105	103.75	108.75
105	102.5	108.75
107.5	103.75	110
106.25	103.75	110
106.25	102.5	110
106.25	105	110
105	103.75	110
107.5	100	108.75
107.5	101.25	108.75
106.25	101.25	108.75
106.25	100	108.75
104.918	101.233	108.609
104.957	100	108.677
107.5	101.25	110
106.25	101.25	110
106.25	100	110
105	101.25	110
110	106.25	106.25
108.75	106.25	106.25
110	107.5	106.25
108.75	107.5	106.25
107.5	107.5	106.25
107.5	106.25	106.25
110	106.25	107.5
108.75	106.25	107.5
108.75	107.5	107.5
107.5	106.25	107.5
106.25	106.25	106.25
106.25	107.5	106.25
105	107.5	106.25
105	106.25	106.25
106.25	106.25	107.5
106.25	107.5	107.5
105	106.25	107.5
103.75	107.5	106.25
102.482	107.44	106.197
103.75	106.25	107.5
103.75	107.5	107.5
102.48	106.198	107.435
105	108.75	106.25
103.75	108.75	106.25
105	110	106.25
103.75	110	106.25
102.5	110	106.25
102.5	108.75	106.25
105	108.75	107.5
103.75	108.75	107.5
103.75	110	107.5
102.5	108.75	107.5
101.25	108.75	106.25
101.264	107.614	106.347
101.25	110	106.25
100	110	106.25
100	108.75	106.25
101.25	108.75	107.5
101.25	107.5	107.5
101.25	110	107.5
100	108.75	107.5
101.269	106.342	107.611
105	106.25	108.75
103.75	106.25	108.75
103.75	105	108.75
105	107.5	108.75
103.75	107.5	108.75
102.5	107.5	108.75
102.5	106.25	108.75
102.5	105	108.75
105	106.25	110
103.75	106.25	110
103.75	105	110
103.75	107.5	110
102.5	106.25	110
101.25	106.25	108.75
101.233	104.918	108.609
101.25	107.5	108.75
100	107.5	108.75
100	106.25	108.75
100	104.957	108.677
101.25	106.25	110
101.25	105	110
101.25	107.5	110
100	106.25	110
103.804	102.538	108.885
103.75	101.25	110
103.75	100	110
103.75	102.5	110
102.5	101.25	110
103.75	103.75	108.75
102.538	103.804	108.885
103.75	103.75	110
102.5	103.75	110
101.25	103.75	110
101.25	102.5	110
100	103.75	110
101.227	101.227	109.845
101.239	100	109.914
100	101.239	109.914
100	100	110
112.5	101.25	100
111.25	101.25	100
111.25	100	100
112.5	100	101.25
112.5	101.25	101.25
111.25	101.25	101.25
111.25	100	101.25
111.25	102.5	100
112.5	102.5	101.25
111.25	102.5	101.25
112.5	101.25	102.5
111.25	101.25	102.5
111.25	100	102.5
111.25	102.5	102.5
102.5	111.25	100
101.25	111.25	100
102.5	111.25	101.25
101.25	111.25	101.25
101.25	112.5	100
102.5	112.5	101.25
101.25	112.5	101.25
100	111.25	100
100	112.5	101.25
100	111.25	101.25
102.5	111.25	102.5
101.25	111.25	102.5
101.25	112.5	102.5
100	111.25	102.5
102.5	100	111.25
102.5	101.25	111.25
101.25	101.25	111.25
101.25	100	111.25
102.5	102.5	111.25
101.25	102.5	111.25
100	102.5	111.25
100	101.25	111.25
100	100	111.25
102.5	101.25	112.5
101.25	101.25	112.5
101.25	100	112.5
101.25	102.5	112.5
100	101.25	112.5
115	107.5	100
112.5	107.5	100
115	107.5	102.5
112.5	107.5	102.5
112.5	110	100
115	110	102.5
112.5	110	102.5
115	107.5	105
112.5	107.5	105
112.5	110	105
115	100	107.5
115	102.5	107.5
112.5	102.5	107.5
112.5	100	107.5
115	105	107.5
112.5	105	107.5
115	102.5	110
112.5	102.5	110
112.5	100	110
112.5	105	110
115	107.5	107.5
112.5	107.5	107.5
115	110	107.5
112.5	110	107.5
115	107.5	110
112.5	107.5	110
112.5	110	110
110	112.5	100
107.5	112.5	100
110	112.5	102.5
107.5	112.5	102.5
107.5	115	100
110	115	102.5
107.5	115	102.5
110	112.5	105
107.5	112.5	105
107.5	115	105
105	112.5	107.5
102.5	112.5	107.5
105	115	107.5
102.5	115	107.5
100	115	107.5
100	112.5	107.5
105	112.5	110
102.5	112.5	110
102.5	115	110
100	112.5	110
110	112.5	107.5
107.5	112.5	107.5
110	115	107.5
107.5	115	107.5
110	112.5	110
107.5	112.5	110
107.5	115	110
105	107.5	112.5
102.5	107.5	112.5
105	110	112.5
102.5	110	112.5
100	110	112.5
100	107.5	112.5
105	107.5	115
102.5	107.5	115
102.5	110	115
100	107.5	115
110	100	112.5
110	102.5	112.5
107.5	102.5	112.5
107.5	100	112.5
110	105	112.5
107.5	105	112.5
110	102.5	115
107.5	102.5	115
107.5	100	115
107.5	105	115
110	107.5	112.5
107.5	107.5	112.5
110	110	112.5
107.5	110	112.5
110	107.5	115
107.5	107.5	115
107.5	110	115
120	115	100
115	115	100
120	115	105
115	115	105
115	120	100
120	120	105
115	120	105
120	115	110
115	115	110
115	120	110
120	100	115
120	105	115
115	105	115
115	100	115
120	110	115
115	110	115
120	105	120
115	105	120
115	100	120
115	110	120
110	115	115
105	115	115
110	120	115
105	120	115
100	120	115
100	115	115
110	115	120
105	115	120
105	120	120
100	115	120
120	115	115
115	115	115
120	120	115
115	120	115
120	115	120
115	115	120
115	120	120
147.952	110	110
145.807	120	100
144.713	120	110
110	147.951	110
120	145.808	100
120	144.708	110
144.706	110	120
145.817	100	120
134.621	130	120
130	134.619	120
110	144.711	120
100	145.814	120
134.629	120	130
130	126.45	130
130	130	126.431
126.443	130	130
120	134.623	130
130	120	134.628
120	130	134.631
110	110	147.951
120	100	145.821
120	110	144.712
110	120	144.71
100	120	145.821
109.681	102.5	100
109.59	102.5	101.25
109.591	101.25	102.5
109.681	100	102.5
109.348	102.5	102.5
109.262	103.75	100
109.169	103.75	101.25
108.28	105	102.5
109.17	101.25	103.75
109.262	100	103.75
108.275	102.5	105
107.793	105	103.75
108.467	103.75	103.75
107.5	105	104.305
107.5	104.3	105
107.788	103.75	105
107.051	105	105
107.5	106.604	100
107.8	106.25	100
106.25	107.8	100
106.604	107.5	100
105	108.28	102.5
107.5	105.421	103.75
105	107.793	103.75
105.421	107.5	103.75
105	107.5	104.305
106.834	106.25	103.75
106.25	106.834	103.75
106.25	106.25	104.654
106.25	105.974	105
105	107.051	105
105.974	106.25	105
103.75	109.262	100
103.75	109.169	101.25
102.5	109.681	100
102.5	109.59	101.25
102.5	109.348	102.5
101.25	109.591	102.5
100	109.681	102.5
104.3	107.5	105
103.75	108.467	103.75
103.75	107.788	105
102.5	108.275	105
101.25	109.17	103.75
100	109.262	103.75
107.8	100	106.25
107.5	100	106.604
107.5	103.75	105.435
106.838	103.75	106.25
106.25	105	105.979
106.25	104.658	106.25
105.978	105	106.25
106.25	103.75	106.835
105	105	107.053
105	104.306	107.5
105.43	103.75	107.5
106.604	100	107.5
105	103.75	107.797
105	102.5	108.282
106.25	100	107.8
105	106.25	105.979
105	105.978	106.25
104.658	106.25	106.25
103.75	107.5	105.435
103.75	106.838	106.25
103.75	106.25	106.835
103.75	105.43	107.5
104.306	105	107.5
100	107.8	106.25
100	107.5	106.604
100	106.604	107.5
103.75	105	107.797
102.5	105	108.282
100	106.25	107.8
103.75	101.25	109.182
103.75	100	109.262
102.5	102.5	109.344
102.5	101.25	109.592
102.5	100	109.681
103.75	103.75	108.468
101.25	103.75	109.182
101.25	102.5	109.592
100	103.75	109.262
100	102.5	109.681
130	125.29	125.286
125.289	130	125.286
125.289	125.29	130
108.059	105	104.361
108.058	104.36	105
108.06	106.821	100
106.821	108.06	100
108.059	105.584	103.75
107.5	105.584	104.361
105.584	108.059	103.75
105	108.059	104.361
105.584	107.5	104.361
106.867	106.867	103.75
106.867	106.25	104.431
106.91	105.695	105
106.25	106.867	104.431
105.695	106.91	105
104.36	108.058	105
108.06	100	106.821
107.5	104.36	105.587
108.058	103.75	105.587
106.91	105	105.696
106.868	104.432	106.25
106.868	103.75	106.867
106.25	104.432	106.867
105.696	105	106.911
105.586	104.361	107.5
105	104.361	108.059
105.586	103.75	108.059
106.821	100	108.06
106.25	105.695	105.696
105	106.91	105.696
105.695	106.25	105.696
105.696	105.696	106.25
105	105.696	106.911
104.36	107.5	105.587
104.432	106.868	106.25
104.432	106.25	106.867
104.361	105.586	107.5
103.75	106.868	106.867
103.75	108.058	105.587
100	108.06	106.821
103.75	105.586	108.059
104.361	105	108.059
100	106.821	108.06
133.702	133.7	115.071
134.397	125.648	125.657
125.651	134.39	125.658
133.704	115.065	133.704
125.651	125.649	134.404
115.077	133.708	133.703
107.838	104.377	104.377
107.781	105.425	103.129
105.425	107.781	103.129
106.924	105.672	104.427
105.672	106.924	104.427
104.377	107.838	104.377
107.783	103.133	105.428
106.927	104.427	105.676
106.713	103.131	106.708
105.675	104.431	106.929
105.428	103.132	107.782
105.765	105.765	105.766
104.427	106.927	105.676
104.431	105.675	106.929
103.131	106.713	106.708
103.133	107.783	105.428
103.132	105.428	107.782
104.38	104.38	107.843
18378
9 5 1 2 3 104 4 4 1 5 6 2 5 2 6 7 112 3 4 104 3 112 108 4 112 7 114 108 4 114 8 107 108 4 107 4 104 108 5 4 107 8 5 1 5 5 8 114 7 6 
6 4 9 10 2 1 4 9 11 12 10 4 10 12 6 2 4 5 1 2 6 4 1 5 11 9 4 11 5 6 12 
9 5 2 16 17 618 3 4 2 6 18 16 5 16 18 19 623 17 4 618 17 623 620 4 623 19 625 620 4 625 7 112 620 4 112 3 618 620 5 6 2 3 112 7 5 6 7 625 19 18 
9 5 104 3 111 537 105 4 3 104 108 112 5 3 112 113 542 111 4 537 111 542 539 4 542 113 544 539 4 544 109 202 539 4 202 105 537 539 5 108 104 105 202 109 5 108 109 544 113 112 
9 5 109 108 112 113 544 4 7 112 108 114 5 112 7 117 559 113 4 544 113 559 557 4 559 117 561 557 4 561 115 551 557 4 551 109 544 557 5 114 108 109 551 115 5 114 115 561 117 7 
9 5 110 107 108 109 208 4 8 114 108 107 5 108 114 115 551 109 4 208 109 551 548 4 551 115 553 548 4 553 116 547 548 4 547 110 208 548 5 110 547 116 8 107 5 8 116 553 115 114 
9 5 4 104 105 194 106 4 4 107 108 104 5 104 108 109 202 105 4 194 105 202 198 4 202 109 208 198 4 208 110 197 198 4 197 106 194 198 5 106 197 110 107 4 5 107 110 208 109 108 
9 5 8 5 6 7 114 4 5 47 48 6 5 6 48 49 632 7 4 114 7 632 629 4 632 49 634 629 4 634 50 628 629 4 628 8 114 629 5 8 628 50 47 5 5 47 50 634 49 48 
11 3 13 14 9 3 14 10 9 3 655 10 14 3 655 12 10 4 11 9 10 12 3 9 15 13 3 9 11 15 3 15 11 655 3 11 12 655 3 13 15 14 3 15 655 14 
6 4 10 20 16 2 4 10 12 21 20 4 20 21 18 16 4 6 2 16 18 4 12 10 2 6 4 12 6 18 21 
6 4 5 11 12 6 4 11 51 52 12 4 12 52 48 6 4 47 5 6 48 4 5 47 51 11 4 51 47 48 52 
6 4 16 32 30 17 4 16 18 33 32 4 32 33 31 30 5 623 17 30 31 19 5 18 16 17 623 19 4 18 19 31 33 
6 4 618 17 622 619 4 17 618 620 623 4 17 623 624 622 4 622 624 621 619 4 620 618 619 621 4 620 621 624 623 
6 4 621 620 623 624 4 19 623 620 625 4 19 627 624 623 4 624 627 626 621 4 625 620 621 626 4 625 626 627 19 
6 4 113 112 620 621 4 7 625 620 112 4 620 625 626 621 5 621 626 117 559 113 5 7 112 113 559 117 4 7 117 626 625 
6 4 3 618 619 111 4 3 112 620 618 4 618 620 621 619 5 619 621 113 542 111 5 112 3 111 542 113 4 112 113 621 620 
9 5 7 6 18 19 625 4 6 48 53 18 5 18 53 54 650 19 4 625 19 650 648 4 650 54 652 648 4 652 49 632 648 4 632 7 625 648 5 48 6 7 632 49 5 48 49 652 54 53 
6 4 537 111 541 538 4 111 537 539 542 4 111 542 543 541 4 541 543 540 538 4 539 537 538 540 4 539 540 543 542 
6 4 540 539 542 543 4 113 542 539 544 4 542 113 546 543 4 543 546 545 540 4 544 539 540 545 4 544 545 546 113 
6 4 203 202 539 540 4 109 544 539 202 4 539 544 545 540 4 540 545 211 203 4 109 202 203 211 4 109 211 545 544 
6 4 105 537 538 201 4 105 202 539 537 4 537 539 540 538 4 538 540 203 201 4 202 105 201 203 4 202 203 540 539 
6 4 545 544 113 546 4 113 544 557 559 4 113 559 560 546 4 546 560 558 545 4 557 544 545 558 4 557 558 560 559 
6 4 558 557 559 560 4 117 559 557 561 4 559 117 563 560 4 560 563 562 558 4 561 557 558 562 4 561 562 563 117 
6 4 552 551 557 558 4 115 561 557 551 4 557 561 562 558 4 558 562 556 552 4 115 551 552 556 4 115 556 562 561 
6 4 211 109 544 545 4 109 551 557 544 4 544 557 558 545 4 545 558 552 211 4 551 109 211 552 4 551 552 558 557 
6 5 115 114 7 117 561 4 7 114 629 632 4 7 632 633 117 5 117 633 630 115 561 4 629 114 115 630 4 629 630 633 632 
6 4 209 208 109 211 4 109 208 548 551 4 109 551 552 211 4 211 552 549 209 4 548 208 209 549 4 548 549 552 551 
6 4 549 548 551 552 4 115 551 548 553 4 551 115 556 552 4 552 556 554 549 4 553 548 549 554 4 553 554 556 115 
6 4 550 547 548 549 4 116 553 548 547 4 548 553 554 549 4 549 554 555 550 4 550 555 116 547 4 116 555 554 553 
6 4 210 110 208 209 4 110 547 548 208 4 208 548 549 209 4 209 549 550 210 4 210 550 547 110 4 547 550 549 548 
6 5 116 8 114 115 553 4 8 628 629 114 4 114 629 630 115 5 115 630 631 116 553 4 116 631 628 8 4 628 631 630 629 
6 4 194 105 201 195 4 105 194 198 202 4 105 202 203 201 5 201 203 199 503 195 5 198 194 195 503 199 4 198 199 203 202 
6 4 199 198 202 203 4 109 202 198 208 4 202 109 211 203 4 203 211 209 199 4 208 198 199 209 4 208 209 211 109 
6 5 200 197 198 199 505 4 110 208 198 197 4 198 208 209 199 5 199 209 210 200 505 4 200 210 110 197 4 110 210 209 208 
9 5 106 194 195 495 196 4 106 197 198 194 5 194 198 199 503 195 4 495 195 503 499 4 503 199 505 499 4 505 200 498 499 4 498 196 495 499 5 196 498 200 197 106 5 197 200 505 199 198 
6 4 630 629 632 633 4 49 632 629 634 4 632 49 637 633 4 633 637 635 630 4 634 629 630 635 4 49 634 635 637 
6 4 631 628 629 630 4 50 634 629 628 4 629 634 635 630 4 630 635 636 631 4 631 636 50 628 4 50 636 635 634 
6 5 50 47 48 49 634 4 47 75 76 48 4 48 76 74 49 5 73 50 634 49 74 4 50 73 75 47 4 75 73 74 76 
9 3 656 10 14 3 656 20 10 4 657 21 20 656 4 12 10 20 21 3 10 655 14 3 12 655 10 4 655 12 21 657 3 655 656 14 3 655 657 656 
8 3 11 15 655 3 12 11 655 4 661 52 12 655 4 51 11 12 52 4 15 11 51 662 4 662 51 52 661 3 15 662 655 3 662 661 655 
9 4 20 34 32 16 3 20 35 34 3 20 21 35 3 34 35 32 3 35 33 32 4 18 16 32 33 4 21 20 16 18 3 21 18 35 3 18 33 35 
9 4 6 12 21 18 3 12 52 21 3 52 55 21 3 21 53 18 3 21 55 53 4 48 6 18 53 4 52 12 6 48 3 52 53 55 3 52 48 53 
10 4 47 51 52 48 3 51 78 52 3 51 77 78 3 52 78 48 3 78 76 48 4 75 47 48 76 3 47 77 51 3 47 75 77 3 77 75 78 3 75 76 78 
10 3 32 42 30 3 42 40 30 3 32 43 42 3 32 33 43 3 42 43 40 3 43 41 40 4 31 30 40 41 4 33 32 30 31 3 33 31 43 3 31 41 43 
9 5 17 30 23 22 622 5 17 623 19 31 30 4 30 31 27 23 5 122 22 23 27 26 4 622 22 122 624 4 122 26 627 624 4 627 19 623 624 4 623 17 622 624 5 19 627 26 27 31 
6 4 19 18 33 31 4 18 53 61 33 4 33 61 60 31 5 650 19 31 60 54 5 53 18 19 650 54 4 53 54 60 61 
6 4 619 622 22 118 4 624 622 619 621 4 22 622 624 122 5 569 118 22 122 121 5 118 569 121 621 619 4 621 121 122 624 
6 4 121 621 624 122 4 627 624 621 626 4 26 122 624 627 5 586 121 122 26 128 5 121 586 128 626 621 4 626 128 26 627 
6 4 626 625 19 627 4 19 625 648 650 4 19 650 651 627 4 627 651 649 626 4 648 625 626 649 4 648 649 651 650 
12 6 546 113 621 121 571 155 5 626 621 113 559 117 5 586 121 621 626 128 4 584 571 121 586 4 588 584 586 128 4 180 171 584 588 4 171 155 571 584 4 560 546 155 171 4 563 560 171 180 4 117 559 560 563 4 559 113 546 560 6 117 563 180 588 128 626 
6 4 117 7 625 626 4 7 632 648 625 4 625 648 649 626 4 626 649 633 117 4 632 7 117 633 4 632 633 649 648 
12 6 111 619 118 564 147 541 5 621 619 111 542 113 5 569 118 619 621 121 4 566 564 118 569 4 571 566 569 121 4 155 151 566 571 4 151 147 564 566 4 543 541 147 151 4 546 543 151 155 4 113 542 543 546 4 542 111 541 543 6 113 546 155 571 121 621 
6 4 649 648 650 651 4 54 650 648 652 4 54 654 651 650 4 651 654 653 649 4 652 648 649 653 4 54 652 653 654 
6 4 633 632 648 649 4 49 652 648 632 4 648 652 653 649 4 649 653 637 633 4 49 632 633 637 4 49 637 653 652 
6 5 49 48 53 54 652 4 48 76 82 53 4 53 82 81 54 5 74 49 652 54 81 4 76 48 49 74 4 76 74 81 82 
6 4 538 541 147 146 4 543 541 538 540 4 541 543 151 147 5 293 146 147 151 150 5 146 293 150 540 538 4 540 150 151 543 
6 4 150 540 543 151 4 546 543 540 545 4 543 546 155 151 5 319 150 151 155 154 5 150 319 154 545 540 4 545 154 155 546 
9 5 206 203 540 150 297 4 545 540 203 211 5 319 150 540 545 154 4 317 297 150 319 4 323 317 319 154 4 212 282 317 323 4 282 206 297 317 5 211 203 206 282 212 5 211 212 323 154 545 
9 5 201 538 146 288 204 4 540 538 201 203 5 293 146 538 540 150 4 290 288 146 293 4 297 290 293 150 4 206 267 290 297 4 267 204 288 290 5 203 201 204 267 206 5 203 206 297 150 540 
6 4 154 545 546 155 4 560 546 545 558 4 546 560 171 155 5 416 154 155 171 170 5 154 416 170 558 545 4 558 170 171 560 
6 4 170 558 560 171 4 563 560 558 562 4 560 563 180 171 4 178 170 171 180 4 170 178 562 558 4 562 178 180 563 
12 4 556 115 561 562 4 562 561 117 563 4 178 562 563 180 4 168 556 562 178 5 633 117 561 115 630 6 117 633 139 613 180 563 4 611 178 180 613 4 615 611 613 139 4 133 605 611 615 4 605 168 178 611 6 168 605 133 630 115 556 5 630 133 615 139 633 
6 5 166 552 558 170 420 4 562 558 552 556 4 178 170 558 562 5 168 166 420 170 178 4 556 552 166 168 4 556 168 178 562 
9 5 212 211 545 154 323 4 558 545 211 552 5 416 154 545 558 170 4 414 323 154 416 4 420 414 416 170 4 166 377 414 420 4 377 212 323 414 5 552 211 212 377 166 5 552 166 420 170 558 
9 5 213 209 211 212 284 4 552 211 209 549 5 211 552 166 377 212 4 375 284 212 377 4 381 375 377 166 4 159 366 375 381 4 366 213 284 375 5 213 366 159 549 209 5 549 159 381 166 552 
6 5 159 549 552 166 381 4 556 552 549 554 4 552 556 168 166 5 163 159 381 166 168 4 159 163 554 549 4 554 163 168 556 
12 4 555 116 553 554 4 554 553 115 556 4 163 554 556 168 4 162 555 554 163 5 630 115 553 116 631 6 605 168 556 115 630 133 4 602 163 168 605 4 607 602 605 133 4 132 601 602 607 4 601 162 163 602 6 162 601 132 631 116 555 5 631 132 607 133 630 
6 5 158 550 549 159 370 4 554 549 550 555 4 163 159 549 554 5 162 158 370 159 163 4 158 162 555 550 4 555 162 163 554 
9 5 215 210 209 213 276 4 549 209 210 550 5 366 213 209 549 159 4 363 276 213 366 4 370 363 366 159 4 158 362 363 370 4 362 215 276 363 5 215 362 158 550 210 5 550 158 370 159 549 
12 6 195 201 204 264 205 502 5 203 201 195 503 199 5 201 203 206 267 204 4 264 204 267 265 4 267 206 269 265 4 269 207 262 265 4 262 205 264 265 4 502 205 262 504 4 262 207 508 504 4 508 199 503 504 4 503 195 502 504 6 199 508 207 269 206 203 
9 6 508 199 203 206 269 207 4 211 203 199 209 5 203 211 212 282 206 4 269 206 282 280 4 282 212 284 280 4 284 213 274 280 4 274 207 269 280 6 207 274 213 209 199 508 5 209 213 284 212 211 
12 4 507 200 505 506 4 505 199 508 506 4 508 207 263 506 4 263 214 507 506 5 209 199 505 200 210 6 274 207 508 199 209 213 4 263 207 274 273 4 274 213 276 273 4 276 215 272 273 4 272 214 263 273 6 214 272 215 210 200 507 5 210 215 276 213 209 
6 4 495 195 502 496 4 195 495 499 503 4 195 503 504 502 4 502 504 500 496 4 499 495 496 500 4 499 500 504 503 
6 4 500 499 503 504 4 199 503 499 505 4 199 508 504 503 4 504 508 506 500 4 505 499 500 506 4 199 505 506 508 
6 4 501 498 499 500 4 200 505 499 498 4 499 505 506 500 4 500 506 507 501 4 501 507 200 498 4 200 507 506 505 
6 4 196 495 496 497 4 196 498 499 495 4 495 499 500 496 4 496 500 501 497 4 497 501 498 196 4 498 501 500 499 
6 5 133 630 633 139 615 4 637 633 630 635 4 633 637 66 139 5 136 133 615 139 66 4 133 136 635 630 4 66 637 635 136 
9 4 636 50 634 635 4 634 49 637 635 4 637 66 136 635 4 136 65 636 635 5 50 73 74 49 634 5 49 74 70 66 637 5 69 65 136 66 70 5 65 69 73 50 636 4 73 69 70 74 
6 5 132 631 630 133 607 4 635 630 631 636 4 136 133 630 635 5 65 132 607 133 136 4 132 65 636 631 4 65 136 635 636 
10 4 73 75 76 74 3 75 95 76 3 75 94 95 3 76 95 74 3 95 93 74 4 92 73 74 93 3 73 94 75 3 73 92 94 3 94 92 95 3 92 93 95 
7 3 34 20 656 3 35 20 34 3 21 20 35 4 21 657 656 20 3 657 21 35 3 34 657 35 3 34 656 657 
8 4 12 655 657 21 3 55 21 657 3 52 12 21 3 55 52 21 4 52 661 655 12 3 661 52 55 3 657 661 55 3 657 655 661 
7 4 51 662 661 52 3 78 52 661 3 78 51 52 3 77 51 78 3 662 51 77 3 78 661 77 3 661 662 77 
8 3 42 32 34 3 43 32 42 3 33 32 43 3 35 34 32 3 33 35 32 3 35 33 43 3 35 43 34 3 43 42 34 
11 3 18 21 35 3 33 18 35 3 35 21 55 3 663 33 35 3 663 61 33 4 53 18 33 61 3 53 21 18 3 55 21 53 3 55 53 663 3 53 61 663 3 55 663 35 
11 3 53 52 55 3 48 52 53 3 55 52 78 3 667 53 55 3 667 82 53 4 76 48 53 82 3 78 52 48 3 76 78 48 3 78 76 667 3 76 82 667 3 78 667 55 
8 3 75 77 78 3 76 75 78 3 95 76 78 3 95 75 76 3 94 75 95 3 77 75 94 3 77 94 78 3 94 95 78 
7 3 659 40 42 4 40 659 660 41 3 43 42 40 3 41 43 40 3 43 41 660 3 43 660 42 3 660 659 42 
6 4 30 40 36 23 4 30 31 41 40 4 40 41 38 36 4 27 23 36 38 4 31 30 23 27 4 31 27 38 41 
11 3 31 33 43 3 41 31 43 3 43 33 664 3 33 61 664 3 64 41 43 3 60 31 41 3 64 60 41 4 61 33 31 60 3 664 60 64 3 664 61 60 3 43 664 64 
9 5 22 23 24 25 119 5 22 122 26 27 23 4 23 27 28 24 5 24 28 29 126 25 4 119 25 126 123 4 126 29 129 123 4 129 26 122 123 4 122 22 119 123 5 26 129 29 28 27 
9 5 627 19 31 27 26 5 19 650 54 60 31 4 31 60 57 27 5 640 26 27 57 56 4 627 26 640 651 4 640 56 654 651 4 654 54 650 651 4 650 19 627 651 5 54 654 56 57 60 
19 4 54 53 61 60 3 669 61 763 3 61 53 763 3 53 82 763 3 82 668 763 3 668 669 763 3 670 85 764 3 85 60 764 3 60 61 764 3 61 669 764 3 669 670 764 4 81 54 60 85 4 82 53 54 81 3 668 82 765 3 82 81 765 3 81 85 765 3 85 670 765 3 670 668 765 3 668 670 669 
9 5 118 22 119 120 568 5 118 569 121 122 22 4 22 122 123 119 5 119 123 124 225 120 4 568 120 225 570 4 225 124 573 570 4 573 121 569 570 4 569 118 568 570 5 121 573 124 123 122 
9 5 573 121 122 123 124 5 121 586 128 26 122 4 26 129 123 122 5 123 129 130 576 124 4 573 124 576 587 4 576 130 590 587 4 590 128 586 587 4 586 121 573 587 5 128 590 130 129 26 
6 4 128 626 627 26 4 651 627 626 649 4 26 627 651 640 4 638 128 26 640 4 128 638 649 626 4 649 638 640 651 
6 4 572 571 121 573 4 571 584 586 121 4 121 586 587 573 4 573 587 585 572 4 584 571 572 585 4 584 585 587 586 
6 4 585 584 586 587 4 584 588 128 586 4 128 590 587 586 4 587 590 589 585 4 588 584 585 589 4 588 589 590 128 
6 4 172 171 584 585 4 171 180 588 584 4 584 588 589 585 4 585 589 181 172 4 180 171 172 181 4 180 181 589 588 
6 4 156 155 571 572 4 155 171 584 571 4 571 584 585 572 4 572 585 172 156 4 171 155 156 172 4 171 172 585 584 
6 6 563 117 626 128 588 180 4 649 626 117 633 4 638 128 626 649 6 613 180 588 128 638 139 6 633 117 563 180 613 139 4 633 139 638 649 
6 4 564 118 568 565 4 564 566 569 118 4 118 569 570 568 4 568 570 567 565 4 566 564 565 567 4 566 567 570 569 
6 4 567 566 569 570 4 566 571 121 569 4 121 573 570 569 4 570 573 572 567 4 571 566 567 572 4 571 572 573 121 
6 4 152 151 566 567 4 151 155 571 566 4 566 571 572 567 5 567 572 156 330 152 5 155 151 152 330 156 4 155 156 572 571 
6 4 147 564 565 148 4 147 151 566 564 4 564 566 567 565 5 565 567 152 307 148 5 151 147 148 307 152 4 151 152 567 566 
6 4 638 649 651 640 4 654 651 649 653 4 56 640 651 654 4 644 638 640 56 4 638 644 653 649 4 56 654 653 644 
9 4 637 49 652 653 4 652 54 654 653 4 654 56 644 653 4 644 66 637 653 5 49 74 81 54 652 5 54 81 79 56 654 5 70 66 644 56 79 5 74 49 637 66 70 4 74 70 79 81 
6 4 139 633 649 638 4 653 649 633 637 4 644 638 649 653 4 66 139 638 644 4 637 633 139 66 4 66 644 653 637 
11 4 74 76 82 81 3 672 76 95 3 672 82 76 3 98 81 672 3 81 82 672 3 93 74 81 3 98 93 81 3 95 76 74 3 93 95 74 3 95 93 98 3 98 672 95 
12 6 146 147 148 301 149 292 5 146 293 150 151 147 5 147 151 152 307 148 4 301 148 307 303 4 307 152 312 303 4 312 153 295 303 4 295 149 301 303 4 292 149 295 294 4 295 153 299 294 4 299 150 293 294 4 293 146 292 294 6 150 299 153 312 152 151 
12 6 299 150 151 152 312 153 5 150 319 154 155 151 5 151 155 156 330 152 4 312 152 330 327 4 330 156 334 327 4 334 157 321 327 4 321 153 312 327 4 299 153 321 320 4 321 157 325 320 4 325 154 319 320 4 319 150 299 320 6 154 325 157 334 156 155 
6 4 298 297 150 299 4 297 317 319 150 4 150 319 320 299 4 299 320 318 298 4 317 297 298 318 4 317 318 320 319 
6 4 318 317 319 320 4 317 323 154 319 4 154 325 320 319 4 320 325 324 318 4 323 317 318 324 4 323 324 325 154 
6 4 283 282 317 318 4 282 212 323 317 4 317 323 324 318 4 318 324 286 283 4 212 282 283 286 4 212 286 324 323 
6 4 271 206 297 298 4 206 282 317 297 4 297 317 318 298 4 298 318 283 271 4 282 206 271 283 4 282 283 318 317 
6 4 288 146 292 289 4 288 290 293 146 4 146 293 294 292 4 292 294 291 289 4 290 288 289 291 4 290 291 294 293 
6 4 291 290 293 294 4 290 297 150 293 4 150 299 294 293 4 294 299 298 291 4 297 290 291 298 4 297 298 299 150 
9 3 291 267 290 3 268 267 291 4 267 206 297 290 4 290 297 298 291 3 291 271 268 3 291 298 271 3 271 267 268 3 206 267 271 4 206 271 298 297 
9 4 204 288 289 266 4 204 267 290 288 4 288 290 291 289 3 289 291 266 3 291 268 266 3 267 204 266 3 268 267 266 3 267 291 290 3 267 268 291 
9 6 325 154 155 156 334 157 5 154 416 170 171 155 4 155 171 172 156 6 156 172 173 418 157 334 4 325 157 418 417 4 418 173 422 417 4 422 170 416 417 4 416 154 325 417 5 170 422 173 172 171 
6 5 422 170 171 172 173 4 170 178 180 171 4 171 180 181 172 4 172 181 179 173 5 178 170 422 173 179 4 178 179 181 180 
6 4 179 178 180 181 4 178 611 613 180 4 180 613 614 181 4 181 614 612 179 4 611 178 179 612 4 611 612 614 613 
6 4 612 611 613 614 4 611 615 139 613 4 613 139 617 614 4 614 617 616 612 4 615 611 612 616 4 139 615 616 617 
6 4 606 605 611 612 4 605 133 615 611 4 611 615 616 612 4 612 616 610 606 4 133 605 606 610 4 133 610 616 615 
6 4 169 168 178 179 4 168 605 611 178 4 178 611 612 179 4 179 612 606 169 4 605 168 169 606 4 605 606 612 611 
9 4 383 166 420 421 4 420 170 422 421 4 422 173 423 421 4 423 167 383 421 5 166 168 178 170 420 5 170 178 179 173 422 6 173 179 169 394 167 423 6 168 166 383 167 394 169 4 168 169 179 178 
6 4 324 323 154 325 4 323 414 416 154 4 154 416 417 325 4 325 417 415 324 4 414 323 324 415 4 414 415 417 416 
6 4 415 414 416 417 4 414 420 170 416 4 170 422 417 416 4 417 422 421 415 4 420 414 415 421 4 170 420 421 422 
6 4 378 377 414 415 4 377 166 420 414 4 414 420 421 415 4 415 421 383 378 4 166 377 378 383 4 166 383 421 420 
6 4 286 212 323 324 4 212 377 414 323 4 323 414 415 324 4 324 415 378 286 4 377 212 286 378 4 377 378 415 414 
6 4 285 284 212 286 4 284 375 377 212 4 212 377 378 286 4 286 378 376 285 4 375 284 285 376 4 375 376 378 377 
6 4 376 375 377 378 4 375 381 166 377 4 377 166 383 378 4 378 383 382 376 4 381 375 376 382 4 166 381 382 383 
6 4 367 366 375 376 4 366 159 381 375 4 375 381 382 376 4 376 382 373 367 4 159 366 367 373 4 159 373 382 381 
6 4 279 213 284 285 4 213 366 375 284 4 284 375 376 285 4 285 376 367 279 4 366 213 279 367 4 366 367 376 375 
12 4 373 159 381 382 4 381 166 383 382 4 383 167 384 382 4 384 160 373 382 5 159 163 168 166 381 6 166 168 169 394 167 383 4 384 167 394 391 4 394 169 399 391 4 399 164 390 391 4 390 160 384 391 6 163 159 373 160 390 164 5 163 164 399 169 168 
6 5 164 163 168 169 399 4 163 602 605 168 4 168 605 606 169 5 169 606 603 164 399 4 602 163 164 603 4 602 603 606 605 
6 4 603 602 605 606 4 602 607 133 605 4 605 133 610 606 4 606 610 608 603 4 607 602 603 608 4 133 607 608 610 
6 4 604 601 602 603 4 601 132 607 602 4 602 607 608 603 4 603 608 609 604 4 604 609 132 601 4 132 609 608 607 
6 5 165 162 163 164 410 4 162 601 602 163 4 163 602 603 164 5 164 603 604 165 410 4 165 604 601 162 4 601 604 603 602 
12 4 372 158 370 371 4 370 159 373 371 4 373 160 374 371 4 374 161 372 371 5 158 162 163 159 370 6 159 163 164 390 160 373 4 374 160 390 405 4 390 164 410 405 4 410 165 404 405 4 404 161 374 405 6 161 404 165 162 158 372 5 162 165 410 164 163 
9 3 279 276 213 3 277 276 279 4 276 363 366 213 4 213 366 367 279 3 279 364 277 3 279 367 364 3 364 276 277 3 363 276 364 4 363 364 367 366 
6 4 364 363 366 367 4 363 370 159 366 4 366 159 373 367 4 367 373 371 364 4 370 363 364 371 4 159 370 371 373 
6 4 365 362 363 364 4 362 158 370 363 4 363 370 371 364 4 364 371 372 365 4 365 372 158 362 4 158 372 371 370 
9 3 278 215 276 3 277 278 276 4 215 362 363 276 3 276 364 277 3 276 363 364 3 277 364 278 3 364 365 278 4 278 365 362 215 4 362 365 364 363 
9 4 684 264 204 266 4 204 264 265 267 3 204 267 266 3 267 268 266 4 264 684 685 265 3 268 267 685 3 267 265 685 3 268 684 266 3 268 685 684 
11 3 267 268 685 3 265 267 685 4 206 267 265 269 3 267 271 268 3 267 206 271 3 268 271 270 3 269 685 270 3 265 685 269 3 269 270 206 3 270 271 206 3 270 685 268 
9 4 265 685 680 262 4 207 269 265 262 3 685 269 270 3 685 265 269 4 262 680 683 207 3 270 269 683 3 269 207 683 3 683 685 270 3 683 680 685 
7 4 679 205 264 684 4 205 262 265 264 4 684 264 265 685 4 205 679 680 262 4 685 265 262 680 3 679 684 680 3 684 685 680 
9 4 496 502 205 259 4 504 502 496 500 4 205 502 504 262 3 262 259 205 3 261 259 262 3 259 500 496 3 259 261 500 3 500 262 504 3 500 261 262 
9 3 262 500 504 3 261 500 262 4 508 504 500 506 4 207 262 504 508 3 263 261 262 3 207 263 262 3 261 263 500 3 263 506 500 4 207 508 506 263 
9 3 270 269 206 3 271 270 206 4 206 269 280 282 4 206 282 283 271 3 271 283 270 3 283 281 270 3 280 269 270 3 281 280 270 4 280 281 283 282 
6 4 281 280 282 283 4 212 282 280 284 4 282 212 286 283 4 283 286 285 281 4 284 280 281 285 4 284 285 286 212 
9 3 275 274 280 3 281 275 280 4 213 284 280 274 4 280 284 285 281 3 281 285 275 3 285 279 275 3 213 274 275 3 279 213 275 4 213 279 285 284 
11 3 269 270 683 3 207 269 683 4 207 274 280 269 3 269 280 270 3 280 281 270 3 270 281 275 3 274 683 275 3 207 683 274 3 274 275 280 3 275 281 280 3 275 683 270 
9 3 260 501 500 3 261 260 500 4 506 500 501 507 3 263 261 500 3 506 263 500 3 263 260 261 3 214 260 263 4 260 214 507 501 4 214 263 506 507 
9 4 207 683 681 263 4 207 263 273 274 3 683 274 275 3 683 207 274 4 263 681 687 273 3 275 274 687 3 274 273 687 3 275 687 683 3 687 681 683 
11 3 274 275 687 3 273 274 687 4 213 274 273 276 3 274 213 275 3 213 279 275 3 275 279 277 3 276 687 277 3 273 687 276 3 276 279 213 3 276 277 279 3 277 687 275 
9 4 273 687 688 272 4 215 276 273 272 3 687 276 277 3 687 273 276 4 278 215 272 688 3 215 278 276 3 278 277 276 3 278 688 277 3 688 687 277 
7 4 263 681 682 214 4 214 272 273 263 4 681 263 273 687 4 688 272 214 682 4 687 273 272 688 3 681 688 682 3 681 687 688 
9 4 497 496 259 258 4 500 496 497 501 3 500 259 496 3 261 259 500 3 261 258 259 3 260 258 261 4 258 260 501 497 3 501 260 500 3 260 261 500 
9 4 610 133 615 616 4 615 139 617 616 4 617 140 597 616 4 597 134 610 616 5 133 136 66 139 615 5 139 66 141 140 617 5 140 141 137 134 597 5 136 133 610 134 137 4 66 136 137 141 
9 4 138 65 136 137 4 136 66 141 137 4 141 67 144 137 4 144 68 138 137 5 65 69 70 66 136 5 66 70 71 67 141 5 67 71 72 68 144 5 68 72 69 65 138 4 69 72 71 70 
6 4 69 73 74 70 4 73 92 93 74 4 74 93 89 70 4 88 69 70 89 4 69 88 92 73 4 92 88 89 93 
9 4 609 132 607 608 4 607 133 610 608 4 610 134 252 608 4 252 135 609 608 5 132 65 136 133 607 5 133 136 137 134 610 5 134 137 138 135 252 5 135 138 65 132 609 4 65 138 137 136 
7 3 92 94 95 3 93 92 95 3 676 93 95 4 93 676 675 92 3 94 92 675 3 94 676 95 3 94 675 676 
4 3 21 657 35 3 21 35 55 3 21 55 657 3 35 657 55 
4 3 52 661 55 3 52 55 78 3 52 78 661 3 55 661 78 
10 3 33 35 43 3 33 43 664 3 61 33 664 3 33 663 35 3 61 663 33 3 663 61 664 3 35 663 808 3 663 664 808 3 664 43 808 3 43 35 808 
16 3 53 55 663 3 61 53 663 3 669 61 663 3 61 669 763 3 53 61 763 3 82 53 763 3 668 82 763 3 669 668 763 3 53 667 55 3 82 667 53 3 667 82 668 3 55 667 809 3 667 668 809 3 668 669 809 3 669 663 809 3 663 55 809 
10 3 76 78 667 3 82 76 667 3 672 82 667 3 76 672 95 3 82 672 76 3 76 95 78 3 95 672 811 3 672 667 811 3 667 78 811 3 78 95 811 
9 3 44 36 659 3 36 40 659 4 659 40 41 660 3 36 44 658 3 38 36 658 4 41 40 36 38 4 660 41 38 658 3 44 659 658 3 659 660 658 
4 3 41 43 660 3 41 660 64 3 41 64 43 3 64 660 43 
6 4 23 36 37 24 4 23 27 38 36 4 36 38 39 37 4 37 39 28 24 4 27 23 24 28 4 27 28 39 38 
9 4 27 31 41 38 3 31 60 41 3 60 64 41 3 41 62 38 3 41 64 62 4 57 27 38 62 4 60 31 27 57 3 60 62 64 3 60 57 62 
16 3 60 664 64 3 61 664 60 3 664 61 669 3 60 64 671 3 85 60 671 3 85 670 764 3 60 85 764 3 61 60 764 3 669 61 764 3 670 669 764 3 670 85 671 3 664 669 810 3 669 670 810 3 670 671 810 3 671 64 810 3 64 664 810 
9 5 120 119 25 125 224 5 123 119 120 225 124 4 25 119 123 126 5 25 126 127 228 125 4 224 125 228 226 4 228 127 233 226 4 233 124 225 226 4 225 120 224 226 5 124 233 127 126 123 
9 5 233 124 123 126 127 5 129 123 124 576 130 4 29 126 123 129 5 126 29 131 578 127 4 233 127 578 577 4 578 131 582 577 4 582 130 576 577 4 576 124 233 577 5 130 582 131 29 129 
9 5 129 26 27 28 29 5 26 640 56 57 27 4 27 57 58 28 5 28 58 59 642 29 4 129 29 642 641 4 642 59 646 641 4 646 56 640 641 4 640 26 129 641 5 56 646 59 58 57 
6 5 654 54 60 57 56 4 54 81 85 60 4 60 85 83 57 4 79 56 57 83 5 81 54 654 56 79 4 81 79 83 85 
16 3 82 668 765 3 81 82 765 3 85 81 765 3 670 85 765 3 668 670 765 3 668 82 672 3 673 85 670 3 81 673 98 3 85 673 81 3 81 98 672 3 82 81 672 3 98 673 812 3 673 670 812 3 670 668 812 3 668 672 812 3 672 98 812 
6 4 565 568 120 217 4 570 568 565 567 4 120 568 570 225 4 221 217 120 225 4 217 221 567 565 4 567 221 225 570 
6 4 221 567 570 225 4 573 570 567 572 4 124 225 570 573 4 230 221 225 124 4 221 230 572 567 4 572 230 124 573 
6 4 230 572 573 124 4 587 573 572 585 4 124 573 587 576 4 574 230 124 576 4 230 574 585 572 4 585 574 576 587 
6 4 574 585 587 576 4 590 587 585 589 4 130 576 587 590 4 580 574 576 130 4 574 580 589 585 4 589 580 130 590 
6 5 590 128 26 129 130 4 128 638 640 26 4 26 640 641 129 4 129 641 639 130 5 638 128 590 130 639 4 638 639 641 640 
12 4 181 180 588 589 4 589 588 128 590 4 580 589 590 130 4 182 181 589 580 6 180 613 139 638 128 588 5 128 638 639 130 590 6 130 639 140 593 182 580 4 614 181 182 593 4 617 614 593 140 4 139 613 614 617 4 613 180 181 614 5 139 617 140 639 638 
6 4 176 172 585 574 4 589 585 172 181 4 580 574 585 589 4 182 176 574 580 4 181 172 176 182 4 181 182 580 589 
6 5 337 156 572 230 174 4 585 572 156 172 4 574 230 572 585 5 438 174 230 574 176 6 172 156 337 174 438 176 4 172 176 574 585 
9 5 315 152 567 221 220 5 572 567 152 330 156 4 230 221 567 572 5 332 220 221 230 174 4 331 315 220 332 4 337 331 332 174 4 156 330 331 337 4 330 152 315 331 5 156 337 174 230 572 
9 5 148 565 217 216 306 5 567 565 148 307 152 4 221 217 565 567 5 310 216 217 221 220 4 308 306 216 310 4 315 308 310 220 4 152 307 308 315 4 307 148 306 308 5 152 315 220 221 567 
6 4 639 638 640 641 4 638 644 56 640 4 56 646 641 640 4 641 646 645 639 4 644 638 639 645 4 56 644 645 646 
9 4 141 66 644 645 4 644 56 646 645 4 646 59 647 645 4 647 67 141 645 5 66 70 79 56 644 5 56 79 80 59 646 5 59 80 71 67 647 5 70 66 141 67 71 4 70 71 80 79 
9 4 70 74 81 79 3 74 93 81 3 93 98 81 3 81 96 79 3 81 98 96 4 89 70 79 96 4 93 74 70 89 3 93 96 98 3 93 89 96 
6 5 617 139 638 639 140 4 139 66 644 638 4 638 644 645 639 4 639 645 141 140 5 66 139 617 140 141 4 66 141 645 644 
4 3 93 95 98 3 93 98 676 3 93 676 95 3 95 676 98 
6 4 301 148 306 302 4 148 301 303 307 4 148 307 308 306 4 306 308 304 302 4 303 301 302 304 4 303 304 308 307 
6 4 304 303 307 308 4 152 307 303 312 4 307 152 315 308 4 308 315 313 304 4 312 303 304 313 4 312 313 315 152 
10 3 305 295 303 3 304 305 303 4 153 312 303 295 4 303 312 313 304 3 304 313 305 3 313 314 305 3 305 153 295 3 305 314 153 3 153 313 312 3 153 314 313 
14 3 699 149 769 3 149 301 769 3 301 302 769 3 302 698 769 3 698 699 769 4 149 295 303 301 4 301 303 304 302 3 698 304 305 3 698 302 304 3 305 295 699 3 295 149 699 3 295 305 303 3 305 304 303 3 305 699 698 
14 3 697 289 768 3 289 292 768 3 292 149 768 3 149 696 768 3 696 697 768 4 294 292 289 291 4 149 292 294 295 3 696 295 296 3 696 149 295 3 296 291 697 3 291 289 697 3 291 296 294 3 296 295 294 3 296 697 696 
10 3 296 291 294 3 295 296 294 4 299 294 291 298 4 153 295 294 299 3 295 153 296 3 153 300 296 3 296 298 291 3 296 300 298 3 298 153 299 3 298 300 153 
6 4 313 312 152 315 4 152 312 327 330 4 152 330 331 315 4 315 331 328 313 4 327 312 313 328 4 327 328 331 330 
6 4 328 327 330 331 4 156 330 327 334 4 330 156 337 331 4 331 337 335 328 4 334 327 328 335 4 156 334 335 337 
6 4 329 321 327 328 4 157 334 327 321 4 327 334 335 328 4 328 335 336 329 4 329 336 157 321 4 157 336 335 334 
9 3 313 153 312 3 314 153 313 4 153 321 327 312 4 312 327 328 313 3 313 329 314 3 313 328 329 3 314 329 153 3 329 321 153 4 321 329 328 327 
9 3 153 298 299 3 300 298 153 4 320 299 298 318 4 153 299 320 321 3 153 322 300 3 153 321 322 3 300 322 298 3 322 318 298 4 318 322 321 320 
6 4 322 318 320 321 4 325 320 318 324 4 157 321 320 325 4 321 157 326 322 4 322 326 324 318 4 324 326 157 325 
19 3 322 701 770 3 318 322 770 3 283 318 770 3 690 283 770 3 701 690 770 4 324 318 283 286 4 326 322 318 324 3 701 322 771 3 322 326 771 3 326 287 771 3 287 692 771 3 692 701 771 3 283 690 766 3 286 283 766 3 287 286 766 3 692 287 766 3 690 692 766 4 286 287 326 324 3 690 701 692 
16 3 298 300 686 3 271 298 686 4 318 298 271 283 3 322 300 298 3 318 322 298 3 300 322 701 4 271 686 690 283 3 701 322 770 3 322 318 770 3 318 283 770 3 283 690 770 3 690 701 770 3 300 701 815 3 701 690 815 3 690 686 815 3 686 300 815 
10 3 291 296 268 3 271 291 268 3 298 291 271 3 298 296 291 3 300 296 298 3 271 268 686 3 300 298 686 3 298 271 686 3 296 686 268 3 296 300 686 
8 3 266 289 697 3 291 289 266 3 268 291 266 3 291 296 697 3 289 291 697 3 296 291 268 3 266 697 268 3 697 296 268 
15 4 336 157 334 335 4 334 156 337 335 4 337 174 338 335 4 338 175 336 335 6 172 156 334 157 418 173 6 156 172 176 438 174 337 4 338 174 438 436 4 438 176 442 436 4 442 177 426 436 4 426 175 338 436 4 336 175 426 425 4 426 177 429 425 4 429 173 418 425 4 418 157 336 425 6 173 429 177 442 176 172 
6 4 326 324 325 157 4 417 325 324 415 4 157 325 417 418 4 157 418 419 326 4 326 419 415 324 4 415 419 418 417 
6 4 419 415 417 418 4 422 417 415 421 4 173 418 417 422 4 418 173 423 419 4 419 423 421 415 4 173 422 421 423 
6 6 429 173 172 176 442 177 4 181 172 173 179 4 172 181 182 176 6 176 182 183 459 177 442 6 177 459 183 179 173 429 4 179 183 182 181 
6 4 183 179 181 182 4 614 181 179 612 4 181 614 593 182 4 591 183 182 593 4 183 591 612 179 4 612 591 593 614 
6 4 591 612 614 593 4 617 614 612 616 4 614 617 140 593 4 597 591 593 140 4 591 597 616 612 4 140 617 616 597 
6 4 246 606 612 591 4 616 612 606 610 4 597 591 612 616 4 134 246 591 597 4 610 606 246 134 4 134 597 616 610 
6 6 402 169 179 183 464 185 4 612 179 169 606 4 591 183 179 612 5 246 185 464 183 591 5 606 169 402 185 246 4 606 246 591 612 
6 4 379 378 415 419 4 421 415 378 383 4 423 419 415 421 4 419 423 167 379 4 383 378 379 167 4 167 423 421 383 
15 4 388 167 423 428 4 423 173 429 428 4 429 177 430 428 4 430 184 388 428 6 179 173 423 167 394 169 6 459 177 429 173 179 183 4 430 177 459 456 4 459 183 464 456 4 464 185 396 456 4 396 184 430 456 4 388 184 396 395 4 396 185 402 395 4 402 169 394 395 4 394 167 388 395 6 169 402 185 464 183 179 
6 4 287 286 324 326 4 415 324 286 378 4 419 326 324 415 4 326 419 379 287 4 378 286 287 379 4 378 379 419 415 
19 3 287 693 767 3 286 287 767 3 285 286 767 3 694 285 767 3 693 694 767 4 378 286 285 376 4 286 378 379 287 3 693 287 782 3 287 379 782 3 379 380 782 3 380 726 782 3 726 693 782 3 726 380 783 3 380 376 783 3 376 285 783 3 285 694 783 3 694 726 783 4 376 380 379 378 3 693 726 694 
6 4 380 376 378 379 4 383 378 376 382 4 378 383 167 379 4 379 167 384 380 4 380 384 382 376 4 167 383 382 384 
9 3 380 367 376 3 368 367 380 4 382 376 367 373 4 384 380 376 382 3 380 160 368 3 380 384 160 3 160 367 368 3 373 367 160 4 160 384 382 373 
16 4 285 694 689 279 4 376 285 279 367 3 380 726 783 3 376 380 783 3 285 376 783 3 694 285 783 3 726 694 783 3 726 380 368 3 367 689 368 3 279 689 367 3 367 380 376 3 367 368 380 3 689 694 820 3 694 726 820 3 726 368 820 3 368 689 820 
6 4 386 384 167 388 4 167 384 391 394 4 167 394 395 388 4 388 395 392 386 4 391 384 386 392 4 391 392 395 394 
6 4 392 391 394 395 4 169 394 391 399 4 169 402 395 394 4 395 402 400 392 4 399 391 392 400 4 399 400 402 169 
6 4 393 390 391 392 4 164 399 391 390 4 391 399 400 392 4 392 400 401 393 4 393 401 164 390 4 164 401 400 399 
9 3 386 160 384 3 387 160 386 4 160 390 391 384 4 384 391 392 386 3 386 393 387 3 386 392 393 3 387 393 160 3 393 390 160 4 390 393 392 391 
9 4 401 164 399 400 4 400 399 169 402 4 403 400 402 185 4 238 401 400 403 5 606 169 399 164 603 5 169 606 246 185 402 5 242 238 403 185 246 5 238 242 603 164 401 4 603 242 246 606 
6 4 242 603 606 246 4 610 606 603 608 4 606 610 134 246 4 252 242 246 134 4 242 252 608 603 4 134 610 608 252 
6 4 241 604 603 242 4 608 603 604 609 4 252 242 603 608 4 135 241 242 252 4 241 135 609 604 4 135 252 608 609 
9 4 412 165 410 411 4 411 410 164 401 4 413 411 401 238 4 237 412 411 413 5 603 164 410 165 604 5 242 238 401 164 603 5 241 237 413 238 242 5 237 241 604 165 412 4 604 241 242 603 
10 3 369 364 367 3 368 369 367 4 373 367 364 371 3 367 160 368 3 367 373 160 3 368 160 369 3 160 374 369 3 369 371 364 3 369 374 371 4 160 373 371 374 
14 3 364 369 724 3 365 364 724 4 371 364 365 372 3 371 369 364 3 374 369 371 3 369 374 725 3 374 161 725 3 725 161 781 3 161 372 781 3 372 365 781 3 365 724 781 3 724 725 781 4 161 374 371 372 3 369 725 724 
10 3 389 374 160 3 387 389 160 4 160 374 405 390 3 393 387 160 3 390 393 160 3 387 393 389 3 393 406 389 3 405 374 389 3 406 405 389 4 405 406 393 390 
6 4 406 405 390 393 4 164 390 405 410 4 401 393 390 164 4 393 401 411 406 4 410 405 406 411 4 410 411 401 164 
6 4 407 404 405 406 4 165 410 405 404 4 405 410 411 406 4 406 411 412 407 4 407 412 165 404 4 165 412 411 410 
14 3 374 389 735 3 161 374 735 4 161 404 405 374 3 374 405 389 3 405 406 389 3 389 406 738 3 406 407 738 3 738 407 792 3 407 404 792 3 404 161 792 3 161 735 792 3 735 738 792 4 404 407 406 405 3 389 738 735 
10 3 279 689 277 3 364 279 277 3 367 279 364 3 689 367 368 3 689 279 367 3 369 364 277 3 364 369 367 3 369 368 367 3 277 689 369 3 689 368 369 
8 3 364 277 278 3 365 364 278 3 364 369 277 3 724 365 278 3 369 364 724 3 364 365 724 3 277 724 278 3 277 369 724 
4 3 271 268 270 3 268 271 686 3 686 271 270 3 268 686 270 
8 3 262 680 261 3 261 263 262 3 263 207 262 4 680 262 207 683 3 263 261 681 4 683 207 263 681 3 680 681 261 3 680 683 681 
7 3 259 205 679 3 259 262 205 3 259 261 262 4 679 205 262 680 3 680 262 261 3 259 679 261 3 679 680 261 
8 3 271 686 270 3 283 271 270 3 281 283 270 4 686 271 283 690 3 691 281 270 4 690 283 281 691 3 686 691 270 3 686 690 691 
19 4 283 690 691 281 4 286 283 281 285 3 690 283 766 3 283 286 766 3 286 287 766 3 287 692 766 3 692 690 766 3 692 287 693 4 694 285 281 691 3 693 287 767 3 287 286 767 3 286 285 767 3 285 694 767 3 694 693 767 3 690 692 814 3 692 693 814 3 693 694 814 3 694 691 814 3 691 690 814 
8 3 281 691 275 3 285 281 275 3 279 285 275 4 285 694 691 281 3 279 275 689 4 694 285 279 689 3 275 691 689 3 691 694 689 
4 3 281 270 275 3 281 691 270 3 691 281 275 3 270 691 275 
7 3 260 263 261 3 260 214 263 3 261 263 681 3 682 214 260 4 681 263 214 682 3 261 682 260 3 261 681 682 
4 3 279 275 277 3 275 279 689 3 689 279 277 3 275 689 277 
9 4 255 134 597 598 4 597 140 599 598 4 599 142 600 598 4 600 143 255 598 5 141 140 597 134 137 5 140 141 67 142 599 5 142 67 144 143 600 5 143 144 137 134 255 4 67 141 137 144 
9 4 254 135 252 253 4 252 134 255 253 4 255 143 256 253 4 256 145 254 253 5 137 134 252 135 138 5 144 143 255 134 137 5 143 144 68 145 256 5 145 68 138 135 254 4 68 144 137 138 
6 4 72 69 70 71 4 69 88 89 70 4 70 89 90 71 4 71 90 91 72 4 72 91 88 69 4 88 91 90 89 
9 4 88 92 93 89 4 676 93 92 675 4 674 89 93 676 3 88 674 101 3 89 674 88 3 675 88 101 3 675 92 88 3 674 675 101 3 674 676 675 
4 3 61 663 664 3 61 664 669 3 61 669 663 3 663 669 664 
4 3 82 667 668 3 82 668 672 3 82 672 667 3 667 672 668 
11 3 36 44 37 3 44 45 37 3 44 36 658 3 36 38 658 3 45 46 37 3 46 39 37 4 38 36 37 39 3 658 39 46 3 658 38 39 3 44 46 45 3 44 658 46 
8 4 41 660 658 38 3 660 41 64 4 38 658 665 62 3 62 41 38 3 64 41 62 3 64 62 665 3 64 665 660 3 665 658 660 
6 4 28 27 38 39 4 27 57 62 38 4 38 62 63 39 4 39 63 58 28 4 57 27 28 58 4 57 58 63 62 
11 3 62 60 64 3 57 60 62 3 64 60 671 3 60 85 671 3 86 62 64 3 86 57 62 3 83 57 86 4 85 60 57 83 3 671 83 86 3 671 85 83 3 64 671 86 
4 3 85 670 671 3 85 671 673 3 85 673 670 3 670 673 671 
9 5 218 224 125 227 513 5 226 224 218 514 222 4 125 224 226 228 5 125 228 229 517 227 4 513 227 517 515 4 517 229 521 515 4 521 222 514 515 4 514 218 513 515 5 222 521 229 228 226 
6 5 521 222 226 228 229 4 233 226 222 231 4 127 228 226 233 4 228 127 234 229 5 229 234 231 222 521 4 231 234 127 233 
6 4 222 221 225 226 4 221 230 124 225 4 124 233 226 225 4 226 233 231 222 4 230 221 222 231 4 230 231 233 124 
6 4 217 120 224 218 4 217 221 225 120 4 120 225 226 224 5 224 226 222 514 218 5 221 217 218 514 222 4 221 222 226 225 
6 4 234 231 233 127 4 577 233 231 575 4 127 233 577 578 4 127 578 579 234 4 234 579 575 231 4 575 579 578 577 
6 4 579 575 577 578 4 582 577 575 581 4 131 578 577 582 4 578 131 583 579 4 579 583 581 575 4 581 583 131 582 
6 4 575 574 576 577 4 574 580 130 576 4 130 582 577 576 4 577 582 581 575 4 580 574 575 581 4 580 581 582 130 
6 4 231 230 124 233 4 230 574 576 124 4 124 576 577 233 4 233 577 575 231 4 574 230 231 575 4 574 575 577 576 
6 5 582 130 129 29 131 4 641 129 130 639 4 29 129 641 642 4 29 642 643 131 5 131 643 639 130 582 4 639 643 642 641 
6 4 643 639 641 642 4 646 641 639 645 4 59 642 641 646 4 642 59 647 643 4 643 647 645 639 4 59 646 645 647 
6 5 646 56 57 58 59 4 56 79 83 57 4 57 83 84 58 4 58 84 80 59 5 79 56 646 59 80 4 79 80 84 83 
11 4 79 81 85 83 3 673 81 98 3 673 85 81 3 99 83 673 3 83 85 673 3 99 79 83 3 96 79 99 3 96 81 79 3 98 81 96 3 98 96 99 3 99 673 98 
12 4 188 182 580 581 4 581 580 130 582 4 583 581 582 131 4 192 188 581 583 6 639 130 580 182 593 140 5 643 131 582 130 639 6 131 643 142 595 192 583 4 594 188 192 595 4 599 594 595 142 4 140 593 594 599 4 593 182 188 594 5 140 599 142 643 639 
6 5 444 176 574 575 186 4 176 182 580 574 4 574 580 581 575 4 575 581 188 186 5 182 176 444 186 188 4 182 188 581 580 
9 5 355 174 230 231 232 5 174 438 176 574 230 4 230 574 575 231 5 231 575 186 440 232 4 439 355 232 440 4 444 439 440 186 4 176 438 439 444 4 438 174 355 439 5 176 444 186 575 574 
9 6 344 220 221 222 519 223 5 220 332 174 230 221 4 221 230 231 222 6 222 231 232 352 223 519 4 344 223 352 351 4 352 232 355 351 4 355 174 332 351 4 332 220 344 351 5 174 355 232 231 230 
6 4 316 313 315 220 4 331 315 313 328 4 315 331 332 220 4 220 332 333 316 4 316 333 328 313 4 328 333 332 331 
6 4 333 328 331 332 4 337 331 328 335 4 331 337 174 332 4 332 174 338 333 4 333 338 335 328 4 174 337 335 338 
12 6 216 217 218 509 219 340 5 216 310 220 221 217 5 217 221 222 514 218 4 509 218 514 511 4 514 222 519 511 4 519 223 342 511 4 342 219 509 511 4 340 219 342 341 4 342 223 344 341 4 344 220 310 341 4 310 216 340 341 6 220 344 223 519 222 221 
9 4 302 306 216 309 4 308 306 302 304 4 306 308 310 216 3 216 310 309 3 310 311 309 3 309 304 302 3 309 311 304 3 304 310 308 3 304 311 310 
9 3 310 304 308 3 311 304 310 4 315 308 304 313 4 308 315 220 310 3 310 316 311 3 310 220 316 3 311 316 304 3 316 313 304 4 313 316 220 315 
6 5 599 140 639 643 142 4 645 639 140 141 4 647 643 639 645 4 643 647 67 142 5 141 140 599 142 67 4 67 647 645 141 
6 4 71 70 79 80 4 70 89 96 79 4 79 96 97 80 4 80 97 90 71 4 89 70 71 90 4 89 90 97 96 
8 3 96 93 98 3 89 93 96 3 98 93 676 3 677 96 98 4 96 677 674 89 4 89 674 676 93 3 676 677 98 3 676 674 677 
10 3 304 311 305 3 313 304 305 3 314 313 305 3 316 311 304 3 313 316 304 3 311 316 700 3 700 313 314 3 700 316 313 3 311 700 305 3 700 314 305 
8 3 295 305 296 3 153 295 296 3 300 153 296 3 153 305 295 3 314 305 153 3 314 153 300 3 296 314 300 3 296 305 314 
8 3 698 302 309 3 304 698 305 3 302 698 304 3 304 309 302 3 311 309 304 3 311 304 305 3 305 698 311 3 698 309 311 
8 3 696 149 699 3 295 696 296 3 149 696 295 3 295 305 699 3 149 295 699 3 305 295 296 3 296 696 305 3 696 699 305 
19 3 333 702 772 3 328 333 772 3 329 328 772 3 703 329 772 3 702 703 772 4 335 328 329 336 4 338 333 328 335 3 702 333 773 3 333 338 773 3 338 175 773 3 175 704 773 3 704 702 773 3 704 175 774 3 175 336 774 3 336 329 774 3 329 703 774 3 703 704 774 4 175 338 335 336 3 702 704 703 
19 3 329 706 775 3 321 329 775 3 322 321 775 3 705 322 775 3 706 705 775 4 157 321 322 326 4 336 329 321 157 3 706 329 778 3 329 336 778 3 336 339 778 3 339 707 778 3 707 706 778 3 322 705 776 3 326 322 776 3 339 326 776 3 707 339 776 3 705 707 776 4 326 339 336 157 3 706 707 705 
16 3 313 700 314 3 316 700 313 3 329 313 314 3 328 313 329 4 333 316 313 328 4 700 316 333 702 3 703 329 314 3 702 333 772 3 333 328 772 3 328 329 772 3 329 703 772 3 703 702 772 3 700 702 816 3 702 703 816 3 703 314 816 3 314 700 816 
13 3 153 314 300 3 322 153 300 3 321 153 322 3 329 314 153 3 321 329 153 3 314 329 706 3 322 300 705 3 706 329 775 3 329 321 775 3 321 322 775 3 322 705 775 3 705 706 775 4 314 706 705 300 
24 3 322 705 701 3 322 701 771 3 326 322 771 3 287 326 771 3 692 287 771 3 701 692 771 3 705 322 776 3 322 326 776 3 326 339 776 3 339 707 776 3 707 705 776 3 707 339 708 3 287 692 695 3 708 339 777 3 339 326 777 3 326 287 777 3 287 695 777 3 695 708 777 3 692 701 817 3 701 705 817 3 705 707 817 3 707 708 817 3 708 695 817 3 695 692 817 
4 3 322 300 701 3 300 322 705 3 705 322 701 3 300 705 701 
6 4 354 338 174 355 4 174 338 436 438 4 174 438 439 355 4 355 439 437 354 4 436 338 354 437 4 436 437 439 438 
6 4 437 436 438 439 4 176 438 436 442 4 438 176 444 439 4 439 444 443 437 4 442 436 437 443 4 176 442 443 444 
6 4 431 426 436 437 4 177 442 436 426 4 436 442 443 437 4 437 443 434 431 4 177 426 431 434 4 177 434 443 442 
19 3 354 720 780 3 338 354 780 3 175 338 780 3 718 175 780 3 720 718 780 4 175 426 436 338 4 338 436 437 354 3 720 354 803 3 354 437 803 3 437 431 803 3 431 742 803 3 742 720 803 3 175 718 798 3 426 175 798 3 431 426 798 3 742 431 798 3 718 742 798 4 426 431 437 436 3 720 742 718 
19 3 175 709 779 3 336 175 779 3 339 336 779 3 710 339 779 3 709 710 779 4 425 336 339 424 4 175 336 425 426 3 709 175 794 3 175 426 794 3 426 427 794 3 427 739 794 3 739 709 794 3 739 427 795 3 427 424 795 3 424 339 795 3 339 710 795 3 710 739 795 4 424 427 426 425 3 709 739 710 
6 4 427 424 425 426 4 429 425 424 428 4 177 426 425 429 4 426 177 430 427 4 427 430 428 424 4 177 429 428 430 
6 4 424 419 418 425 4 173 418 419 423 4 173 429 425 418 4 425 429 428 424 4 423 419 424 428 4 173 423 428 429 
6 4 339 326 157 336 4 418 157 326 419 4 157 418 425 336 4 336 425 424 339 4 419 326 339 424 4 419 424 425 418 
12 4 434 177 442 443 4 442 176 444 443 4 444 186 445 443 4 445 187 434 443 6 182 176 442 177 459 183 5 176 182 188 186 444 6 186 188 189 461 187 445 4 434 187 461 460 4 461 189 467 460 4 467 183 459 460 4 459 177 434 460 5 183 467 189 188 182 
6 5 467 183 182 188 189 4 183 591 593 182 4 182 593 594 188 4 188 594 592 189 5 591 183 467 189 592 4 591 592 594 593 
6 4 592 591 593 594 4 591 597 140 593 4 593 140 599 594 4 594 599 598 592 4 597 591 592 598 4 140 597 598 599 
6 4 247 246 591 592 4 246 134 597 591 4 591 597 598 592 4 592 598 255 247 4 134 246 247 255 4 134 255 598 597 
9 4 466 185 464 465 4 465 464 183 467 4 468 465 467 189 4 245 466 465 468 5 185 246 591 183 464 5 183 591 592 189 467 5 189 592 247 245 468 5 246 185 466 245 247 4 246 247 592 591 
6 4 385 379 419 424 4 423 419 379 167 4 419 423 428 424 4 424 428 388 385 4 167 379 385 388 4 167 388 428 423 
19 3 427 740 796 3 424 427 796 3 385 424 796 3 730 385 796 3 740 730 796 4 428 424 385 388 4 430 427 424 428 3 740 427 797 3 427 430 797 3 430 184 797 3 184 732 797 3 732 740 797 3 385 730 788 3 388 385 788 3 184 388 788 3 732 184 788 3 730 732 788 4 184 430 428 388 3 730 740 732 
6 4 433 430 177 434 4 177 430 456 459 4 177 459 460 434 4 434 460 457 433 4 456 430 433 457 4 456 457 460 459 
6 4 457 456 459 460 4 183 459 456 464 4 183 467 460 459 4 460 467 465 457 4 464 456 457 465 4 464 465 467 183 
6 4 458 396 456 457 4 185 464 456 396 4 456 464 465 457 4 457 465 466 458 4 458 466 185 396 4 185 466 465 464 
19 3 433 745 801 3 430 433 801 3 184 430 801 3 746 184 801 3 745 746 801 4 184 396 456 430 4 430 456 457 433 3 745 433 805 3 433 457 805 3 457 458 805 3 458 750 805 3 750 745 805 3 750 458 806 3 458 396 806 3 396 184 806 3 184 746 806 3 746 750 806 4 396 458 457 456 3 745 750 746 
19 3 184 733 789 3 388 184 789 3 386 388 789 3 734 386 789 3 733 734 789 4 395 388 386 392 4 184 388 395 396 3 733 184 790 3 184 396 790 3 396 397 790 3 397 736 790 3 736 733 790 3 736 397 791 3 397 392 791 3 392 386 791 3 386 734 791 3 734 736 791 4 392 397 396 395 3 733 736 734 
6 4 397 392 395 396 4 402 395 392 400 4 185 396 395 402 4 396 185 403 397 4 397 403 400 392 4 400 403 185 402 
19 3 339 708 777 3 326 339 777 3 287 326 777 3 695 287 777 3 708 695 777 4 419 326 287 379 4 326 419 424 339 3 708 339 793 3 339 424 793 3 424 385 793 3 385 728 793 3 728 708 793 3 287 695 784 3 379 287 784 3 385 379 784 3 728 385 784 3 695 728 784 4 379 385 424 419 3 708 728 695 
24 3 287 695 693 3 287 693 782 3 379 287 782 3 380 379 782 3 726 380 782 3 693 726 782 3 695 287 784 3 287 379 784 3 379 385 784 3 385 728 784 3 728 695 784 3 728 385 729 3 380 726 727 3 729 385 785 3 385 379 785 3 379 380 785 3 380 727 785 3 727 729 785 3 695 728 821 3 728 729 821 3 729 727 821 3 727 726 821 3 726 693 821 3 693 695 821 
19 3 385 729 785 3 379 385 785 3 380 379 785 3 727 380 785 3 729 727 785 4 167 379 380 384 4 379 167 388 385 3 729 385 787 3 385 388 787 3 388 386 787 3 386 731 787 3 731 729 787 3 380 727 786 3 384 380 786 3 386 384 786 3 731 386 786 3 727 731 786 4 384 386 388 167 3 729 731 727 
16 3 380 727 368 3 160 380 368 3 384 380 160 3 727 380 786 3 380 384 786 3 384 386 786 3 386 731 786 3 731 727 786 3 731 386 387 3 387 160 368 3 160 386 384 3 160 387 386 3 368 727 822 3 727 731 822 3 731 387 822 3 387 368 822 
4 3 380 726 368 3 726 380 727 3 727 380 368 3 726 727 368 
6 4 398 393 392 397 4 400 392 393 401 4 403 397 392 400 4 397 403 238 398 4 398 238 401 393 4 401 238 403 400 
16 3 386 734 387 3 393 386 387 3 392 386 393 3 397 736 791 3 392 397 791 3 386 392 791 3 734 386 791 3 736 734 791 4 736 397 398 737 3 737 393 387 3 737 398 393 4 393 398 397 392 3 734 736 824 3 736 737 824 3 737 387 824 3 387 734 824 
9 4 482 238 403 486 4 403 185 466 486 4 466 245 487 486 4 487 239 482 486 5 238 242 246 185 403 5 185 246 247 245 466 6 245 247 243 527 239 487 6 242 238 482 239 527 243 4 242 243 247 246 
6 4 243 242 246 247 4 242 252 134 246 4 246 134 255 247 4 247 255 253 243 4 252 242 243 253 4 134 252 253 255 
6 5 244 241 242 243 532 4 241 135 252 242 4 242 252 253 243 5 243 253 254 244 532 4 244 254 135 241 4 135 254 253 252 
9 3 398 406 393 3 408 406 398 4 401 393 406 411 4 238 398 393 401 3 398 413 408 3 398 238 413 3 408 413 406 3 413 411 406 4 411 413 238 401 
9 3 409 407 406 3 408 409 406 4 411 406 407 412 3 413 408 406 3 411 413 406 3 408 413 409 3 413 237 409 4 409 237 412 407 4 412 237 413 411 
12 4 481 237 413 480 4 413 238 482 480 4 482 239 483 480 4 483 240 481 480 5 237 241 242 238 413 6 238 242 243 527 239 482 4 483 239 527 524 4 527 243 532 524 4 532 244 523 524 4 523 240 483 524 6 240 523 244 241 237 481 5 241 244 532 243 242 
8 3 160 368 369 3 374 160 369 3 160 387 368 3 374 369 389 3 374 389 160 3 389 387 160 3 368 387 369 3 387 389 369 
8 3 374 369 725 3 161 374 725 3 369 374 389 3 735 161 725 3 389 374 735 3 374 161 735 3 389 735 369 3 735 725 369 
10 3 393 387 389 3 406 393 389 3 393 737 387 3 398 737 393 3 737 398 408 3 408 406 389 3 406 398 393 3 406 408 398 3 387 737 389 3 737 408 389 
8 3 406 389 738 3 407 406 738 3 406 408 389 3 409 407 738 3 407 409 406 3 409 408 406 3 408 738 389 3 408 409 738 
4 3 287 692 693 3 692 287 695 3 695 287 693 3 692 695 693 
6 4 596 592 594 595 4 599 594 592 598 4 594 599 142 595 4 595 142 600 596 4 596 600 598 592 4 142 599 598 600 
6 4 250 247 592 596 4 598 592 247 255 4 600 596 592 598 4 596 600 143 250 4 255 247 250 143 4 143 600 598 255 
6 5 535 243 247 250 251 4 255 247 243 253 4 247 255 143 250 4 250 143 256 251 5 251 256 253 243 535 4 143 255 253 256 
9 4 534 244 532 533 4 532 243 535 533 4 535 251 536 533 4 536 257 534 533 5 253 243 532 244 254 5 256 251 535 243 253 5 251 256 145 257 536 5 257 145 254 244 534 4 145 256 253 254 
11 4 91 88 89 90 3 674 88 101 3 674 89 88 3 102 90 674 3 90 89 674 3 90 102 91 3 102 103 91 3 91 101 88 3 91 103 101 3 103 102 101 3 102 674 101 
9 3 39 658 46 3 38 658 39 4 658 38 62 665 3 666 39 46 3 666 63 39 4 62 38 39 63 4 665 62 63 666 3 658 666 46 3 658 665 666 
4 3 62 64 665 3 62 665 86 3 62 86 64 3 86 665 64 
10 4 58 57 62 63 3 57 86 62 3 57 83 86 3 62 86 63 3 86 87 63 3 63 87 58 3 87 84 58 4 83 57 58 84 3 83 84 86 3 84 87 86 
10 3 83 671 86 3 85 671 83 3 671 85 673 3 83 86 99 3 83 99 673 3 85 83 673 3 86 671 813 3 671 673 813 3 673 99 813 3 99 86 813 
6 4 510 513 227 516 4 515 513 510 512 4 227 513 515 517 4 227 517 518 516 4 516 518 512 510 4 512 518 517 515 
6 4 518 512 515 517 4 521 515 512 520 4 229 517 515 521 4 517 229 522 518 4 518 522 520 512 4 229 521 520 522 
6 4 512 511 514 515 4 222 514 511 519 4 222 521 515 514 4 515 521 520 512 4 519 511 512 520 4 222 519 520 521 
6 4 509 218 513 510 4 218 509 511 514 4 218 514 515 513 4 513 515 512 510 4 511 509 510 512 4 511 512 515 514 
12 4 349 223 519 520 4 519 222 521 520 4 521 229 522 520 4 522 235 349 520 6 231 222 519 223 352 232 5 234 229 521 222 231 6 229 234 236 358 235 522 4 349 235 358 357 4 358 236 360 357 4 360 232 352 357 4 352 223 349 357 5 232 360 236 234 231 
9 5 360 232 231 234 236 5 575 231 232 440 186 4 579 234 231 575 5 234 579 190 449 236 4 448 360 236 449 4 453 448 449 190 4 186 440 448 453 4 440 232 360 448 5 186 453 190 579 575 
6 5 453 186 575 579 190 4 581 575 186 188 4 583 579 575 581 4 579 583 192 190 5 188 186 453 190 192 4 188 192 583 581 
10 4 80 79 83 84 3 79 99 83 3 79 96 99 3 83 99 84 3 99 100 84 3 84 100 80 3 100 97 80 4 96 79 80 97 3 96 97 99 3 97 100 99 
4 3 96 98 99 3 96 99 677 3 96 677 98 3 98 677 99 
6 5 477 189 188 192 193 4 594 188 189 592 4 188 594 595 192 4 192 595 596 193 5 193 596 592 189 477 4 592 596 595 594 
6 4 356 354 355 232 4 439 355 354 437 4 355 439 440 232 4 232 440 441 356 4 356 441 437 354 4 437 441 440 439 
6 4 441 437 439 440 4 444 439 437 443 4 439 444 186 440 4 440 186 445 441 4 441 445 443 437 4 186 444 443 445 
11 3 344 715 343 3 223 715 344 3 351 344 343 3 350 351 343 4 223 344 351 352 3 715 352 353 3 715 223 352 3 353 350 343 3 350 353 351 3 353 352 351 3 343 715 353 
9 3 353 350 351 3 352 353 351 4 355 351 350 354 4 232 352 351 355 3 352 232 353 3 232 356 353 3 353 354 350 3 353 356 354 4 354 356 232 355 
6 4 350 333 332 351 4 174 332 333 338 4 174 355 351 332 4 351 355 354 350 4 338 333 350 354 4 338 354 355 174 
9 3 343 316 220 3 344 343 220 4 332 220 316 333 4 220 332 351 344 3 344 351 343 3 351 350 343 3 333 316 343 3 350 333 343 4 333 350 351 332 
9 3 512 342 511 3 346 342 512 4 223 519 511 342 4 511 519 520 512 3 512 349 346 3 512 520 349 3 349 342 346 3 223 342 349 4 223 349 520 519 
9 4 219 509 510 345 4 219 342 511 509 4 509 511 512 510 3 510 512 345 3 512 346 345 3 342 219 345 3 346 342 345 3 342 512 511 3 342 346 512 
7 4 711 340 219 713 4 340 711 712 341 4 219 340 341 342 4 713 219 342 714 4 714 342 341 712 3 711 714 712 3 711 713 714 
9 4 342 714 712 341 3 344 712 343 3 341 712 344 4 223 342 341 344 4 714 342 223 715 3 715 344 343 3 715 223 344 3 712 715 343 3 712 714 715 
11 3 310 712 311 3 341 712 310 3 316 310 311 3 220 310 316 4 220 344 341 310 3 712 344 343 3 712 341 344 3 316 311 343 3 316 343 220 3 343 344 220 3 311 712 343 
9 4 309 216 340 711 3 310 216 309 3 311 310 309 4 216 310 341 340 4 711 340 341 712 3 712 310 311 3 712 341 310 3 309 711 311 3 711 712 311 
9 4 90 89 96 97 4 677 96 89 674 4 678 97 96 677 3 102 90 678 3 90 97 678 3 90 102 674 3 89 90 674 3 102 678 674 3 678 677 674 
4 3 316 311 700 3 311 316 343 3 343 316 700 3 343 700 311 
19 4 350 719 702 333 3 333 702 773 3 338 333 773 3 175 338 773 3 704 175 773 3 702 704 773 4 333 338 354 350 4 719 350 354 720 3 175 704 718 3 720 354 780 3 354 338 780 3 338 175 780 3 175 718 780 3 718 720 780 3 702 719 819 3 719 720 819 3 720 718 819 3 718 704 819 3 704 702 819 
24 3 329 703 706 3 329 706 778 3 336 329 778 3 339 336 778 3 707 339 778 3 706 707 778 3 175 704 774 3 336 175 774 3 329 336 774 3 703 329 774 3 704 703 774 3 704 175 709 3 710 339 707 3 709 175 779 3 175 336 779 3 336 339 779 3 339 710 779 3 710 709 779 3 704 709 818 3 709 710 818 3 710 707 818 3 707 706 818 3 706 703 818 3 703 704 818 
8 3 316 343 700 4 316 700 702 333 3 316 333 343 3 333 350 343 3 343 350 719 4 719 350 333 702 3 343 719 700 3 719 702 700 
4 3 329 314 706 3 329 703 314 3 703 329 706 3 703 706 314 
4 3 339 707 708 3 339 710 707 3 710 339 708 3 707 710 708 
9 3 441 431 437 3 432 431 441 4 443 437 431 434 4 445 441 437 443 3 441 187 432 3 441 445 187 3 187 431 432 3 434 431 187 4 187 445 443 434 
19 3 431 743 799 3 426 431 799 3 427 426 799 3 741 427 799 3 743 741 799 4 177 426 427 430 4 426 177 434 431 3 743 431 802 3 431 434 802 3 434 433 802 3 433 744 802 3 744 743 802 3 427 741 800 3 430 427 800 3 433 430 800 3 744 433 800 3 741 744 800 4 430 433 434 177 3 743 744 741 
16 4 356 721 720 354 3 354 720 803 3 437 354 803 3 431 437 803 3 742 431 803 3 720 742 803 4 441 356 354 437 3 721 441 432 3 721 356 441 3 431 742 432 3 431 441 437 3 431 432 441 3 432 742 829 3 742 720 829 3 720 721 829 3 721 432 829 
24 3 175 718 709 3 175 709 794 3 426 175 794 3 427 426 794 3 739 427 794 3 709 739 794 3 718 175 798 3 175 426 798 3 426 431 798 3 431 742 798 3 742 718 798 3 742 431 743 3 427 739 741 3 743 431 799 3 431 426 799 3 426 427 799 3 427 741 799 3 741 743 799 3 718 742 826 3 742 743 826 3 743 741 826 3 741 739 826 3 739 709 826 3 709 718 826 
24 3 339 710 708 3 339 708 793 3 424 339 793 3 385 424 793 3 728 385 793 3 708 728 793 3 427 739 795 3 424 427 795 3 339 424 795 3 710 339 795 3 739 710 795 3 739 427 740 3 385 728 730 3 740 427 796 3 427 424 796 3 424 385 796 3 385 730 796 3 730 740 796 3 710 739 825 3 739 740 825 3 740 730 825 3 730 728 825 3 728 708 825 3 708 710 825 
12 4 452 187 445 451 4 445 186 453 451 4 453 190 454 451 4 454 191 452 451 6 188 186 445 187 461 189 5 186 188 192 190 453 6 190 192 193 472 191 454 4 452 191 472 471 4 472 193 477 471 4 477 189 461 471 4 461 187 452 471 5 189 477 193 192 188 
9 3 187 433 434 3 435 433 187 4 460 434 433 457 4 187 434 460 461 3 187 462 435 3 187 461 462 3 435 462 433 3 462 457 433 4 457 462 461 460 
6 4 462 457 460 461 4 467 460 457 465 4 189 461 460 467 4 461 189 468 462 4 462 468 465 457 4 465 468 189 467 
6 4 463 458 457 462 4 465 457 458 466 4 468 462 457 465 4 462 468 245 463 4 463 245 466 458 4 466 245 468 465 
9 4 476 245 468 475 4 475 468 189 477 4 478 475 477 193 4 248 476 475 478 5 592 189 468 245 247 5 596 193 477 189 592 5 193 596 250 248 478 5 247 245 476 248 250 4 247 250 596 592 
24 3 427 741 740 3 427 740 797 3 430 427 797 3 184 430 797 3 732 184 797 3 740 732 797 3 741 427 800 3 427 430 800 3 430 433 800 3 433 744 800 3 744 741 800 3 744 433 745 3 746 184 732 3 745 433 801 3 433 430 801 3 430 184 801 3 184 746 801 3 746 745 801 3 740 741 827 3 741 744 827 3 744 745 827 3 745 746 827 3 746 732 827 3 732 740 827 
24 3 385 730 729 3 385 729 787 3 388 385 787 3 386 388 787 3 731 386 787 3 729 731 787 3 730 385 788 3 385 388 788 3 388 184 788 3 184 732 788 3 732 730 788 3 732 184 733 3 734 386 731 3 733 184 789 3 184 388 789 3 388 386 789 3 386 734 789 3 734 733 789 3 730 732 823 3 732 733 823 3 733 734 823 3 734 731 823 3 731 729 823 3 729 730 823 
6 4 484 397 396 458 4 185 396 397 403 4 466 458 396 185 4 458 466 486 484 4 403 397 484 486 4 185 403 486 466 
16 3 433 435 745 3 433 745 805 3 457 433 805 3 458 457 805 3 750 458 805 3 745 750 805 3 462 435 433 3 457 462 433 3 435 462 751 3 462 463 751 4 751 463 458 750 4 458 463 462 457 3 435 751 830 3 751 750 830 3 750 745 830 3 745 435 830 
19 3 184 746 733 3 184 733 790 3 396 184 790 3 397 396 790 3 736 397 790 3 733 736 790 3 458 750 806 3 396 458 806 3 184 396 806 3 746 184 806 3 750 746 806 4 750 458 484 758 4 397 736 758 484 4 397 484 458 396 3 733 746 831 3 746 750 831 3 750 758 831 3 758 736 831 3 736 733 831 
4 3 385 728 729 3 728 385 730 3 730 385 729 3 728 730 729 
4 3 386 731 387 3 386 734 731 3 734 386 387 3 731 734 387 
9 3 479 398 397 3 484 479 397 4 403 397 398 238 4 397 403 486 484 3 484 486 479 3 486 482 479 3 238 398 479 3 482 238 479 4 238 482 486 403 
8 4 397 736 737 398 4 736 397 484 758 3 758 484 479 3 398 737 479 3 398 479 397 3 479 484 397 3 737 758 479 3 737 736 758 
9 3 485 484 458 3 463 485 458 4 466 458 484 486 4 245 463 458 466 3 463 245 485 3 245 487 485 3 485 486 484 3 485 487 486 4 245 466 486 487 
11 3 484 485 479 3 486 484 479 3 482 486 479 3 486 485 484 3 487 485 486 3 485 487 755 3 487 239 755 3 482 479 755 3 239 482 755 4 239 487 486 482 3 485 755 479 
12 4 489 239 487 488 4 487 245 476 488 4 476 248 490 488 4 490 249 489 488 6 247 245 487 239 527 243 5 245 247 250 248 476 6 248 250 251 529 249 490 4 489 249 529 528 4 529 251 535 528 4 535 243 527 528 4 527 239 489 528 5 243 535 251 250 247 
11 3 398 479 408 3 413 398 408 3 238 398 413 3 398 238 479 3 238 482 479 3 479 482 753 3 482 480 753 3 413 408 753 3 480 413 753 4 238 413 480 482 3 479 753 408 
9 3 413 408 409 3 237 413 409 3 408 413 753 3 413 480 753 4 753 480 481 754 4 754 481 237 409 4 237 481 480 413 3 408 754 409 3 408 753 754 
9 3 482 479 753 3 480 482 753 3 479 482 755 3 482 239 755 4 755 239 483 756 4 756 483 480 753 4 239 482 480 483 3 479 755 753 3 755 756 753 
7 4 480 753 754 481 4 483 756 753 480 4 756 483 240 757 4 757 240 481 754 4 240 483 480 481 3 753 756 754 3 756 757 754 
9 3 489 483 239 3 491 483 489 4 239 483 524 527 4 239 527 528 489 3 489 525 491 3 489 528 525 3 525 483 491 3 524 483 525 4 524 525 528 527 
6 4 525 524 527 528 4 243 527 524 532 4 243 535 528 527 4 528 535 533 525 4 532 524 525 533 4 243 532 533 535 
6 4 526 523 524 525 4 244 532 524 523 4 524 532 533 525 4 525 533 534 526 4 526 534 244 523 4 244 534 533 532 
9 3 492 240 483 3 491 492 483 4 240 523 524 483 3 483 525 491 3 483 524 525 3 491 525 492 3 525 526 492 4 492 526 523 240 4 523 526 525 524 
4 3 398 737 408 3 737 398 479 3 479 398 408 3 408 737 479 
6 4 530 525 528 529 4 535 528 525 533 4 251 529 528 535 4 529 251 536 530 4 530 536 533 525 4 251 535 533 536 
6 4 531 526 525 530 4 533 525 526 534 4 536 530 525 533 4 530 536 257 531 4 531 257 534 526 4 257 536 533 534 
7 4 62 665 666 63 3 665 62 86 3 87 63 666 3 86 62 63 3 87 86 63 3 87 665 86 3 87 666 665 
8 3 84 83 86 3 87 84 86 3 86 83 99 3 100 84 87 3 99 83 84 3 100 99 84 3 86 100 87 3 86 99 100 
9 4 345 510 516 347 3 512 510 345 3 346 512 345 4 518 516 510 512 4 516 518 348 347 3 346 345 347 3 348 346 347 3 346 348 512 3 348 518 512 
9 3 348 346 512 3 518 348 512 3 349 512 346 3 520 512 349 4 522 518 512 520 4 518 522 235 348 3 349 346 348 3 235 349 348 4 235 522 520 349 
7 4 235 717 716 349 4 349 716 722 357 4 235 349 357 358 4 717 235 358 723 4 723 358 357 722 3 717 723 716 3 723 722 716 
9 4 358 723 722 357 3 360 722 359 3 357 722 360 4 236 358 357 360 4 723 358 236 361 3 359 361 360 3 361 236 360 3 359 723 361 3 359 722 723 
11 3 352 722 353 3 357 722 352 3 232 352 353 3 356 232 353 4 232 360 357 352 3 722 360 359 3 722 357 360 3 356 353 359 3 356 360 232 3 356 359 360 3 353 722 359 
9 4 349 716 715 223 3 352 715 353 3 223 715 352 4 223 352 357 349 4 716 349 357 722 3 722 352 353 3 722 357 352 3 715 722 353 3 715 716 722 
9 3 361 359 360 3 236 361 360 3 446 360 359 3 448 360 446 4 360 448 449 236 4 236 449 450 361 3 361 446 359 3 361 450 446 4 446 450 449 448 
6 4 450 446 448 449 4 453 448 446 451 4 448 453 190 449 4 449 190 454 450 4 450 454 451 446 4 190 453 451 454 
6 4 446 441 440 448 4 186 440 441 445 4 440 186 453 448 4 448 453 451 446 4 445 441 446 451 4 186 445 451 453 
9 3 360 356 232 3 359 356 360 4 440 232 356 441 4 232 440 448 360 3 360 446 359 3 360 448 446 3 446 356 359 3 441 356 446 4 441 446 448 440 
7 3 97 96 99 3 100 97 99 3 99 96 677 3 678 97 100 4 97 678 677 96 3 99 677 100 3 677 678 100 
4 3 350 343 719 3 350 353 343 3 353 350 719 3 353 719 343 
8 3 350 353 719 4 350 719 720 354 3 354 353 350 3 356 353 354 3 353 356 721 4 721 356 354 720 3 353 721 719 3 721 720 719 
8 3 342 346 714 4 342 714 715 223 3 342 349 346 3 342 223 349 3 346 349 716 4 716 349 223 715 3 346 716 714 3 716 715 714 
7 3 713 219 345 4 219 713 714 342 3 219 342 345 3 342 346 345 3 346 342 714 3 346 713 345 3 346 714 713 
4 3 175 704 709 3 704 175 718 3 718 175 709 3 704 718 709 
10 3 447 432 441 3 446 447 441 3 187 441 432 3 445 441 187 4 441 445 451 446 3 446 451 447 3 451 452 447 3 447 187 432 3 447 452 187 4 187 452 451 445 
16 3 431 432 743 3 431 743 802 3 434 431 802 3 433 434 802 3 744 433 802 3 743 744 802 3 431 187 432 3 431 434 187 3 432 187 435 3 435 433 744 3 433 187 434 3 433 435 187 3 435 744 828 3 744 743 828 3 743 432 828 3 432 435 828 
10 3 356 359 721 3 441 721 432 3 356 721 441 3 356 446 359 3 356 441 446 3 359 446 447 3 432 447 441 3 447 446 441 3 447 721 359 3 447 432 721 
4 3 431 742 743 3 742 431 432 3 432 431 743 3 432 743 742 
4 3 427 739 740 3 739 427 741 3 741 427 740 3 739 741 740 
14 3 446 747 447 3 450 747 446 3 451 446 447 3 452 451 447 4 454 450 446 451 3 747 450 804 3 450 454 804 3 454 191 804 3 191 748 804 3 748 747 804 3 748 452 447 3 748 191 452 4 191 454 451 452 3 747 748 447 
14 3 452 749 455 3 191 749 452 3 471 452 455 3 469 471 455 4 191 452 471 472 3 749 191 807 3 191 472 807 3 472 473 807 3 473 752 807 3 752 749 807 3 752 469 455 3 752 473 469 4 469 473 472 471 3 749 752 455 
6 4 473 469 471 472 4 477 471 469 475 4 193 472 471 477 4 472 193 478 473 4 473 478 475 469 4 475 478 193 477 
6 4 469 462 461 471 4 189 461 462 468 4 189 477 471 461 4 471 477 475 469 4 468 462 469 475 4 468 475 477 189 
10 3 455 435 187 3 452 455 187 3 462 187 435 3 461 187 462 4 187 461 471 452 3 452 471 455 3 471 469 455 3 462 435 455 3 469 462 455 4 462 469 471 461 
9 3 469 463 462 3 470 463 469 4 468 462 463 245 4 462 468 475 469 3 469 476 470 3 469 475 476 3 470 476 463 3 476 245 463 4 245 476 475 468 
9 3 474 470 469 3 473 474 469 3 476 469 470 3 475 469 476 4 478 473 469 475 4 473 478 248 474 3 474 476 470 3 474 248 476 4 476 248 478 475 
4 3 433 744 745 3 433 435 744 3 435 433 745 3 435 745 744 
4 3 184 732 733 3 184 746 732 3 746 184 733 3 732 746 733 
10 3 462 435 751 3 463 462 751 3 435 462 455 3 462 469 455 3 455 469 470 3 470 463 751 3 463 469 462 3 463 470 469 3 455 751 435 3 455 470 751 
8 4 458 750 758 484 4 463 751 750 458 3 751 463 485 3 485 484 758 3 484 485 458 3 485 463 458 3 485 758 751 3 758 750 751 
4 3 484 758 479 3 484 485 758 3 485 484 479 3 479 758 485 
11 3 463 470 485 3 245 463 485 3 487 245 485 3 476 470 463 3 245 476 463 3 470 476 759 3 476 488 759 3 487 485 759 3 488 487 759 4 245 487 488 476 3 470 759 485 
9 3 487 485 755 3 239 487 755 3 485 487 759 3 487 488 759 4 759 488 489 760 4 760 489 239 755 4 239 489 488 487 3 485 759 755 3 759 760 755 
9 3 476 470 759 3 488 476 759 3 476 474 470 3 248 474 476 4 474 248 490 761 4 761 490 488 759 4 248 476 488 490 3 474 761 470 3 761 759 470 
7 4 488 759 760 489 4 490 761 759 488 4 761 490 249 762 4 762 249 489 760 4 249 490 488 489 3 759 761 760 3 761 762 760 
9 3 493 491 489 3 249 493 489 3 525 489 491 3 528 489 525 4 249 489 528 529 4 249 529 530 493 3 493 525 491 3 493 530 525 4 525 530 529 528 
8 4 239 755 756 483 4 489 760 755 239 3 760 489 491 3 483 756 491 3 483 489 239 3 483 491 489 3 756 760 491 3 756 755 760 
7 4 483 756 757 240 3 756 483 491 3 492 240 757 3 240 492 483 3 492 491 483 3 492 757 491 3 757 756 491 
9 3 494 492 491 3 493 494 491 3 525 491 492 3 526 525 492 3 525 493 491 3 530 493 525 4 493 530 531 494 4 494 531 526 492 4 526 531 530 525 
7 3 349 346 716 3 346 349 348 3 349 235 348 3 348 235 717 4 717 235 349 716 3 348 717 346 3 717 716 346 
4 3 356 353 721 3 353 356 359 3 359 356 721 3 359 721 353 
8 3 446 359 447 3 446 361 359 3 450 361 446 3 361 450 747 3 747 446 447 3 747 450 446 3 361 747 359 3 747 447 359 
8 3 187 432 435 3 187 447 432 3 452 447 187 3 447 452 455 3 435 455 187 3 455 452 187 3 432 447 435 3 447 455 435 
8 3 452 447 455 3 452 748 447 3 191 748 452 3 748 191 749 3 749 452 455 3 749 191 452 3 447 749 455 3 447 748 749 
8 3 469 455 470 3 469 752 455 3 473 752 469 3 752 473 474 3 470 474 469 3 474 473 469 3 455 752 470 3 752 474 470 
4 3 463 751 485 3 463 470 751 3 470 463 485 3 485 751 470 
7 3 489 760 491 4 249 762 760 489 3 762 249 493 3 491 493 489 3 493 249 489 3 491 762 493 3 491 760 762 
123.077	105	105
135	105	105
123.077	115	105
116.538	107.5	102.5
116.538	107.5	107.5
116.538	102.5	107.5
116.538	102.5	102.5
123.077	105	115
144.497	104.976	104.977
135	115	105
135	105	115
124.444	124.444	105
117.5	117.5	102.5
117.5	117.5	107.5
117.222	112.222	107.5
117.222	112.222	102.5
123.077	115	115
113.75	108.75	101.25
113.75	108.75	103.75
113.75	106.25	103.75
113.75	106.25	101.25
113.75	108.75	106.25
113.75	108.75	108.75
113.75	106.25	108.75
113.75	106.25	106.25
117.222	107.5	112.222
113.75	103.75	106.25
113.75	103.75	108.75
113.75	101.25	108.75
113.75	101.25	106.25
117.222	102.5	112.222
113.611	103.611	101.25
113.75	103.75	103.75
113.611	101.25	103.611
113.269	101.25	101.25
117.5	107.5	117.5
117.5	102.5	117.5
124.444	105	124.444
143.436	114.976	105
143.437	105	114.977
134.899	124.926	104.977
135.104	115.05	115.05
134.902	104.974	124.926
124.926	134.9	104.975
115	123.077	105
124.444	124.444	115
112.222	117.222	102.5
112.222	117.222	107.5
117.5	117.5	112.5
111.912	111.912	107.5
117.5	112.5	112.5
111.912	111.912	102.5
117.5	117.5	117.5
117.5	112.5	117.5
124.444	115	124.444
111.111	108.611	101.25
111.111	108.611	103.75
110.769	106.25	103.75
110.769	106.25	101.25
111.111	108.611	106.25
111.25	108.75	108.75
111.912	107.5	111.912
111.111	106.25	108.611
110.769	106.25	106.25
110.769	103.75	106.25
111.111	103.75	108.611
111.912	102.5	111.912
111.111	101.25	108.611
110.769	101.25	106.25
110.956	103.456	101.25
110.804	103.661	103.661
110.956	101.25	103.456
111.875	101.875	100.625
111.875	101.875	101.875
111.875	100.625	101.875
111.875	100.625	100.625
112.222	107.5	117.222
115	105	123.077
112.222	102.5	117.222
124.925	104.974	134.903
141.619	123.235	104.969
142.601	114.343	114.343
141.624	104.965	123.235
133.101	133.102	104.936
134.333	124.977	115.027
134.335	115.024	124.976
133.103	104.931	133.105
123.235	141.62	104.966
115	135	105
124.977	134.331	115.026
105	123.077	105
115	123.077	115
125.925	125.925	125.923
107.5	116.538	102.5
107.5	116.538	107.5
112.5	117.5	112.5
108.75	113.75	106.25
108.75	113.75	108.75
108.75	111.25	108.75
108.75	111.25	106.25
112.045	112.045	112.045
108.75	113.75	101.25
108.75	113.75	103.75
108.611	111.111	103.75
108.611	111.111	101.25
112.5	117.5	117.5
115	115	123.077
112.5	112.5	117.5
124.977	115.025	134.334
108.456	108.456	101.25
108.456	108.456	103.75
109.375	106.875	103.125
109.375	106.875	104.375
109.375	105.625	104.375
109.375	105.625	103.125
109.375	106.875	100.625
109.375	106.875	101.875
109.357	105.614	101.872
109.348	105.609	100.622
108.661	108.304	106.161
108.75	108.611	108.611
108.75	108.75	111.25
108.75	108.75	113.75
108.75	106.25	113.75
108.75	106.25	111.25
108.661	106.161	108.304
109.375	106.875	105.625
109.375	106.875	106.875
109.375	105.625	106.875
109.375	105.625	105.625
109.375	104.375	105.625
109.375	104.375	106.875
109.375	103.125	106.875
109.375	103.125	105.625
108.456	103.75	108.456
108.611	103.75	111.111
108.75	103.75	113.75
108.75	101.25	113.75
108.611	101.25	111.111
108.456	101.25	108.456
109.357	101.873	105.614
109.375	101.875	106.875
109.375	100.625	106.875
109.348	100.623	105.609
109.464	104.359	100.622
109.426	104.371	101.878
109.624	103.132	101.88
109.713	103.125	100.625
110.593	101.871	100.622
110.604	101.872	101.872
109.392	104.382	103.13
109.375	104.375	104.375
109.391	103.13	104.382
109.483	103.136	103.137
110.593	100.622	101.871
109.623	101.88	103.132
109.426	101.878	104.371
109.465	100.623	104.359
109.713	100.625	103.125
110.582	100.621	100.621
107.5	107.5	116.538
105	105	123.077
115	105	135
107.5	102.5	116.538
123.234	104.966	141.626
141.188	122.455	112.553
141.19	112.547	122.452
132.421	132.422	114.955
132.448	124.779	124.777
132.423	114.95	132.424
114.975	143.436	105
122.455	141.185	112.551
105	135	105
115.05	135.102	115.051
124.779	132.445	124.778
102.5	116.538	102.5
102.5	116.538	107.5
105	123.077	115
115	124.444	124.444
124.779	124.779	132.448
106.25	113.75	101.25
106.25	113.75	103.75
106.25	113.75	106.25
106.25	113.75	108.75
107.5	117.222	112.222
107.5	111.912	111.912
106.25	111.25	108.75
106.125	111	106.125
106.25	110.769	103.75
106.25	110.769	101.25
107.5	117.5	117.5
105	115	123.077
115.051	115.05	135.102
107.5	112.222	117.222
122.453	112.549	141.19
106.875	109.375	100.625
106.875	109.375	101.875
106.88	108.13	101.874
106.852	108.097	100.502
108.097	106.852	100.502
108.13	106.88	101.874
106.875	109.375	103.125
106.875	109.375	104.375
106.875	108.125	104.375
106.868	108.117	103.122
108.117	106.868	103.122
108.125	106.875	104.375
107.993	105.507	104.271
108.123	105.58	103.237
108.311	105.707	101.96
108.365	105.827	100.624
106.063	108.563	106.063
108.125	106.875	105.625
108.125	106.875	106.875
106.023	108.523	108.523
106.25	108.75	111.25
106.25	108.75	113.75
106.25	106.25	113.75
106.125	106.125	111
108.125	105.625	106.875
106.063	106.063	108.563
108.125	105.625	105.625
107.993	104.271	105.508
108.125	104.375	106.875
108.117	103.123	106.868
108.122	103.238	105.582
106.875	104.375	108.125
106.875	104.375	109.375
106.875	103.125	109.375
106.869	103.122	108.117
106.25	103.75	110.769
106.25	103.75	113.75
106.25	101.25	113.75
106.25	101.25	110.769
108.132	101.875	106.88
108.097	100.501	106.852
106.88	101.875	108.131
106.875	101.875	109.375
106.875	100.625	109.375
106.852	100.502	108.097
108.312	101.961	105.708
108.367	100.624	105.828
108.63	104.679	102.193
109.766	101.961	101.961
109.836	102.078	100.621
108.525	104.472	103.22
108.116	104.464	104.465
108.523	103.22	104.472
108.745	103.46	103.461
109.836	100.621	102.078
108.628	102.193	104.679
102.5	107.5	116.538
102.5	102.5	116.538
105	105	135
114.975	105.002	143.438
131.155	131.155	121.608
131.157	121.612	131.157
104.974	144.497	104.975
114.343	142.598	114.344
105	135	115
115.027	134.332	124.977
121.611	131.156	131.158
101.25	113.269	101.25
101.25	113.611	103.611
103.75	113.75	103.75
103.611	113.611	101.25
101.25	113.75	106.25
101.25	113.75	108.75
103.75	113.75	108.75
103.75	113.75	106.25
102.5	117.222	112.222
102.5	117.5	117.5
105	124.444	124.444
115.027	124.977	134.334
102.5	111.912	111.912
103.75	111.111	108.611
103.75	110.769	106.25
103.661	110.804	103.661
105.625	109.375	103.125
105.625	109.375	104.375
103.456	110.956	101.25
105.609	109.348	100.622
105.614	109.357	101.872
102.5	112.222	117.222
105	115	135
114.344	114.343	142.599
105.707	108.311	101.96
107.097	107.097	101.873
105.827	108.365	100.624
107.175	107.175	100.631
105.507	107.993	104.271
106.774	106.774	104.309
105.58	108.123	103.237
106.926	106.926	103.328
107.024	105.775	104.531
107.318	106.029	103.431
104.375	109.375	105.625
104.375	109.375	106.875
104.375	108.125	106.875
104.271	107.993	105.508
105.566	106.798	105.567
105.625	106.875	106.875
106.875	106.875	106.875
106.875	106.875	105.625
103.75	108.456	108.456
103.75	108.611	111.111
103.75	108.75	113.75
103.75	106.25	113.75
103.75	106.25	110.769
106.875	105.625	106.875
105.567	105.567	106.798
104.375	106.875	108.125
104.375	106.875	109.375
104.375	105.625	109.375
104.271	105.508	107.994
105.508	104.271	107.994
105.625	104.375	109.375
106.798	105.566	105.567
107.025	104.53	105.777
106.775	104.309	106.775
106.906	103.309	106.904
107.319	103.433	106.033
105.625	103.125	109.375
105.581	103.237	108.123
103.661	103.661	110.804
103.75	103.75	113.75
103.611	101.25	113.611
105.615	101.873	109.357
105.609	100.623	109.348
103.456	101.25	110.956
107.099	101.874	107.098
107.177	100.631	107.177
105.708	101.962	108.312
105.828	100.625	108.366
107.388	104.825	104.826
101.25	108.75	113.75
101.25	106.25	113.75
101.25	103.611	113.611
101.25	101.25	113.269
104.977	104.978	144.499
104.999	143.437	114.975
112.554	141.186	122.454
104.976	134.9	124.925
114.957	132.422	132.423
100.625	111.875	100.625
100.625	111.875	101.875
101.875	111.875	101.875
101.875	111.875	100.625
101.25	110.956	103.456
101.25	110.769	106.25
101.25	111.111	108.611
104.976	124.926	134.901
112.554	122.453	141.187
101.25	108.611	111.111
103.125	109.375	105.625
103.125	109.375	106.875
103.136	109.483	103.137
103.13	109.391	104.382
104.375	109.375	104.375
104.382	109.392	103.13
101.872	110.604	101.872
101.871	110.593	100.622
103.125	109.713	100.625
103.132	109.624	101.88
104.371	109.426	101.878
104.359	109.464	100.622
105.002	114.975	143.438
104.679	108.63	102.193
104.464	108.116	104.465
105.775	107.024	104.531
104.472	108.525	103.22
106.029	107.318	103.431
106.181	106.181	104.913
103.123	108.117	106.868
104.309	106.775	106.775
103.238	108.122	105.582
104.53	107.025	105.777
105.829	105.829	105.83
101.25	108.456	108.456
103.122	106.869	108.117
103.125	106.875	109.375
103.125	105.625	109.375
101.25	106.25	110.769
104.531	105.776	107.025
105.776	104.531	107.025
104.375	104.375	109.375
103.237	105.581	108.123
104.465	104.465	108.117
106.182	104.915	106.182
106.032	103.432	107.317
104.382	103.13	109.392
104.472	103.22	108.526
103.13	104.382	109.392
103.137	103.137	109.483
101.25	103.456	110.956
104.371	101.878	109.428
104.359	100.623	109.466
103.132	101.88	109.625
103.125	100.625	109.715
101.872	101.872	110.606
101.875	101.875	111.875
101.875	100.625	111.875
101.871	100.622	110.595
104.68	102.193	108.632
100.625	101.875	111.875
100.625	100.625	111.875
104.968	141.621	123.234
104.937	133.101	133.102
100.621	110.582	100.621
100.622	110.593	101.871
100.625	109.713	103.125
100.623	109.465	104.359
101.878	109.426	104.371
101.88	109.623	103.132
100.623	109.348	105.609
100.625	109.375	106.875
101.875	109.375	106.875
101.873	109.357	105.614
104.969	123.234	141.624
103.46	108.745	103.461
103.22	108.523	104.472
101.961	109.766	101.961
102.078	109.836	100.621
104.825	107.388	104.826
101.875	108.132	106.88
103.309	106.906	106.904
101.961	108.312	105.708
103.433	107.319	106.033
104.915	106.182	106.182
100.501	108.097	106.852
100.502	106.852	108.097
100.625	106.875	109.375
101.875	106.875	109.375
101.875	106.88	108.131
101.873	105.615	109.357
100.623	105.609	109.348
103.432	106.032	107.317
104.827	104.827	107.388
101.962	105.708	108.312
103.22	104.472	108.526
103.461	103.461	108.747
101.878	104.371	109.428
101.88	103.132	109.625
100.623	104.359	109.466
100.625	103.125	109.715
100.622	101.871	110.595
101.961	101.961	109.768
102.078	100.621	109.839
100.621	100.621	110.584
100.621	109.836	102.078
102.193	108.628	104.679
100.624	108.367	105.828
101.874	107.099	107.098
100.631	107.177	107.177
100.625	105.828	108.366
102.193	104.68	108.632
100.621	102.078	109.839
1
1
1
1
1
1
1
1
0
1
1
1
1
1
1
1
1
1
1
1
1
1
1
1
1
1
1
1
1
1
1
1
1
1
1
1
1
1
0
0
0
0
0
0
1
1
1
1
1
1
1
1
1
1
1
1
1
1
1
1
1
1
1
1
1
1
1
1
1
1
1
1
1
1
1
1
1
1
1
0
0
0
0
0
0
0
0
0
1
0
1
1
0
1
1
1
1
1
1
1
1
1
1
1
1
1
1
1
0
1
1
1
1
1
1
1
1
0
0
1
1
1
1
1
1
1
1
1
1
1
1
1
1
1
1
1
1
1
1
1
0
1
1
0
0
0
0
0
0
0
0
1
0
0
0
0
0
0
0
0
1
1
1
1
0
0
0
0
0
0
0
0
1
0
0
1
1
1
1
0
1
1
1
1
1
1
1
1
1
1
1
1
0
1
0
1
1
0
0
0
0
1
1
1
0
0
1
0
0
0
0
1
1
1
1
1
1
1
1
1
1
1
0
1
0
0
1
1
1
0
1
1
1
1
0
0
0
1
1
0
0
0
0
0
0
0
0
0
0
0
0
1
1
1
0
0
0
0
0
1
0
0
1
1
1
1
1
1
1
1
1
1
1
0
1
1
1
1
1
1
1
0
0
1
1
0
0
0
0
0
0
0
0
0
0
0
1
1
1
0
0
1
1
1
1
1
1
1
1
1
0
1
1
1
0
0
1
0
0
0
0
0
1
0
1
1
1
0
0
1
0
0
0
0
0
1
1
1
1
0
0
0
0
0
1
1
1
1
1
1
1
0
0
1
1
1
0
0
1
0
0
0
0
0
0
0
0
0
0
0
0
0
0
0
0
0
0
0
1
0
1
1
1
0
0
1
0
0
0
0
0
0
0
0
1
0
0
0
0
0
1
1
0
0
1
1
0
0
0
0
0
0
0
0
0
1
1
0
0
0
0
0
0
0
0
0
0
0
0
0
0
1
1
0
0
0
0
0
0
0
0
0
0
0
0
0
0
0
0
0
0
0
0
0
0
0
0
