236
-1
-1
-1
-1
-1
-1
-1
-1
-1
-1
-1
-1
-1
-1
-1
-1
-1
-1
-1
-1
-1
-1
-1
-1
-1
-1
-1
-1
-1
-1
-1
-1
-1
-1
-1
-1
-1
-1
-1
-1
-1
-1
-1
-1
-1
-1
-1
-1
-1
-1
-1
-1
-1
-1
-1
-1
-1
-1
-1
-1
-1
-1
-1
-1
-1
-1
-1
-1
-1
-1
-1
-1
-1
-1
-1
-1
-1
-1
-1
-1
-1
-1
-1
-1
-1
-1
-1
-1
-1
-1
-1
-1
-1
-1
-1
-1
-1
-1
-1
-1
-1
-1
-1
-1
-1
-1
-1
-1
72
72
72
72
74
74
74
74
75
72
75
75
77
77
74
77
78
75
78
78
80
80
77
80
81
78
81
81
81
83
83
80
83
83
72
74
87
87
87
87
98
98
98
98
98
99
99
99
101
101
98
101
102
99
102
102
104
104
101
104
105
102
105
105
105
107
107
104
107
107
72
72
75
75
75
75
74
74
77
77
77
77
78
87
78
87
87
87
78
78
80
80
80
80
81
81
81
81
83
83
83
83
99
99
99
99
98
98
101
101
101
101
102
102
102
102
104
104
104
104
105
105
105
105
107
107
107
107
