MESH dimension 3 ElemType Tetrahedra Nnode 4
Coordinates
    1               1               1               1
    2               0               1               1
    3               1               1               0
    4               1               0               1
    5     0.112372436               1     0.112372436
    6    -0.112372436     0.112372436               1
    7               1    -0.112372436     0.112372436
    8               1               1              -1
    9              -1               1               1
   10               1              -1               1
   11     0.269128743    -0.218283227    -0.424297392
   12    -0.322432271      0.21103202    -0.360506275
   13              -1               0               1
   14               1              -1               0
   15               1               0              -1
   16               0               1              -1
   17              -1               1               0
   18               0              -1               1
   19     0.112372436     0.112372436              -1
   20              -1     0.112372436     0.112372436
   21    -0.112372436              -1     0.112372436
   22    -0.484067071     -0.28778029    -0.590519103
   23              -1               1              -1
   24              -1              -1               1
   25               1              -1              -1
   26               0              -1              -1
   27              -1               0              -1
   28              -1              -1               0
   29              -1              -1              -1
end coordinates

Elements
       1       9      20      17       2
       2      10       7      14      18
       3       8      19      15       3
       4       1       5       3       4
       5      24      21      28      13
       6       9       6      13      20
       7       6      13      20      21
       8      19       8      16       3
       9       7      10       4      18
      10       5       1       2       4
      11      21      24      18      13
      12       6       9       2      20
      13      29      26      27      28
      14      23      27      16      17
      15      25      15      26      14
      16      20      27      17      12
      17      17      20      12       5
      18      12      17       5      16
      19       5      12      16      19
      20      12      16      19      27
      21      19      12      27      22
      22      19      12      22      11
      23      19      12      11       5
      24      12      22      11      21
      25      22      19      11      26
      26      22      19      26      27
      27      22      11      21      26
      28      21      22      26      28
      29      21      22      28      20
      30      12      11       5       6
      31      12      27      22      20
      32      22      12      20      21
      33      22      26      28      27
      34      20      12       5       6
      35      22      28      20      27
      36      19      11      26      15
      37      19      11      15       3
      38      12      17      16      27
      39       7      15      14      11
      40      14       7      11      21
      41       7      15      11       3
      42      11       7       3       5
      43       7      11      21       6
      44      11      14      21      26
      45      11       7       5       6
      46      15      14      11      26
      47       3      11       5      19
      48       5      16       3      19
      49       6      18      13      21
      50      20      13      28      21
      51       7       4       3       5
      52       5       2      17      20
      53      21      18      14       7
      54       6       2       4       5
      55       6       2       5      20
      56       6      18      21       7
      57      11      12      21       6
      58      20      12       6      21
      59       4      18       6       7
      60       6       4       7       5
end elements
