:Malha teste quatro hexahedros
:número de nós  -> id | x | y | z
20
0	0.0	0.0	0.0
1	0.5	0.0	0.0
2	1.0	0.0	0.0
3	1.5	0.0	0.0
4	2.0	0.0	0.0
5	0.0	1.0	0.0
6	0.5	1.0	0.0
7	1.0	1.0	0.0
8	1.5	1.0	0.0
9	2.0	1.0	0.0
10	0.0	0.0	0.5
11	0.5	0.0	0.5
12	1.0	0.0	0.5
13	1.5	0.0	0.5
14	2.0	0.0	0.5
15	0.0	1.0	0.5
16	0.5	1.0	0.5
17	1.0	1.0	0.5
18	1.5	1.0	0.5
19	2.0	1.0	0.5
:...
:número de elementos -> id | elid | matid | connects
4
0	7	1	0	1	6	5	10	11	16	15
1	7	1	1	2	7	6	11	12	17	16
2	7	1	2	3	8	7	12	13	18	17
3	7	1	3	4	9	8	13	14	19	18
:...
:número de materiais -> id | E | nu | Px | Py
1
1	2500000	0.25	0.	0.
:...
:número de condições de contorno
10
-1	-1	0	20
-1	-1	1	20
-1	-1	2	20
-1	-1	3	20
-1	-1	0	23
-1	-1	1	23
-1	-1	2	23
-1	-1	3	23
-1	-1	0	24
-1	-1	3	22